27 23 18 27 18 26 21 24 28 20 21 29 21 18 25 23 28 27 26 19 31 28 26 29 18 23 30 26 27 22 
29 25 29 27 31 21 28 22 29 23 19 23 26 27 26 28 28 26 29 28 22 18 31 28 29 26 28 24 19 19 
23 31 21 23 31 28 25 24 21 24 27 24 19 21 30 21 26 18 19 20 19 19 18 21 25 21 21 29 27 22 
30 24 27 20 27 30 22 20 18 24 22 24 19 30 25 30 30 19 18 18 26 30 21 28 18 20 28 23 26 26 
27 31 20 25 20 31 29 19 30 22 27 19 29 19 18 25 28 18 28 30 26 20 26 22 27 26 18 27 19 18 
20 23 30 23 30 30 25 26 25 20 22 22 26 25 25 20 24 19 25 26 29 31 20 28 31 31 28 22 24 18 
31 20 25 19 22 18 30 19 22 25 22 26 20 25 26 29 20 27 24 31 24 27 25 30 23 26 20 28 21 25 
19 21 27 22 29 29 29 24 28 24 27 25 29 27 26 23 27 19 22 31 25 18 22 19 19 18 24 22 27 20 
22 29 18 18 23 31 30 25 30 26 20 28 24 29 19 23 28 24 29 19 27 30 28 21 27 22 24 28 31 28 
18 28 27 28 30 19 27 24 29 19 29 18 31 21 23 30 18 24 21 25 31 23 26 21 28 29 25 26 18 31 
31 28 26 20 23 27 22 21 20 24 24 24 18 28 22 21 25 23 29 29 23 29 29 27 28 26 19 26 29 20 
29 19 19 27 22 28 18 20 24 21 20 18 27 27 30 22 28 22 30 25 31 22 24 26 19 27 24 23 23 22 
25 24 19 21 26 23 27 20 26 29 18 31 30 29 31 21 28 30 30 31 23 29 23 25 23 26 26 25 18 28 
21 25 26 23 28 25 23 28 26 21 21 26 19 18 28 21 28 23 26 23 25 18 30 29 18 28 24 27 25 26 
20 21 22 30 23 22 21 29 29 25 19 19 29 27 24 22 25 30 26 29 29 18 23 30 25 25 20 25 18 28 
28 31 19 20 25 27 31 26 23 20 31 24 27 22 22 19 28 21 30 18 27 21 18 21 22 31 25 19 18 31 
31 18 28 23 22 30 25 27 21 31 28 19 24 26 25 27 18 28 30 22 21 28 22 23 20 31 30 28 26 18 
25 25 18 24 21 21 21 24 19 19 22 19 22 24 26 19 23 20 27 28 21 29 19 26 27 29 19 24 18 18 
21 21 23 26 24 26 25 18 27 25 23 29 24 21 18 23 31 23 31 22 29 26 26 21 20 27 30 31 21 20 
19 19 24 31 24 18 31 28 23 21 28 20 24 29 20 27 23 30 18 22 28 31 27 19 23 22 20 27 21 26 
31 30 18 30 30 21 31 20 25 27 30 18 23 31 30 31 29 18 27 29 30 31 20 23 18 25 30 30 22 19 
28 18 31 29 28 29 29 25 22 24 19 31 27 21 23 24 19 25 25 24 31 19 25 30 28 26 28 21 21 18 
30 18 24 19 29 30 24 20 31 31 20 20 21 23 19 23 31 28 30 19 27 30 23 21 22 19 24 21 18 20 
25 21 18 30 28 19 21 25 18 20 29 29 28 21 18 18 27 21 23 31 31 31 21 25 24 18 22 18 29 30 
30 21 29 25 26 23 24 21 19 28 21 24 27 19 23 19 29 19 28 20 26 22 20 26 25 23 20 22 23 29 
21 21 29 23 28 26 24 26 29 21 25 22 22 21 28 31 19 25 18 23 22 22 31 19 27 24 27 23 27 21 
21 22 27 24 23 21 21 27 18 31 18 29 22 25 18 20 22 27 21 25 25 29 22 26 24 31 20 25 20 29 
31 25 24 22 31 26 23 24 26 22 25 31 29 30 21 22 19 28 28 27 23 26 28 19 18 24 22 20 31 21 
22 31 20 27 24 29 26 24 21 20 20 29 26 29 19 24 20 24 20 28 22 29 29 25 28 28 26 30 23 20 
20 31 22 26 28 18 18 20 21 29 19 27 26 30 20 19 19 18 31 25 30 27 18 28 27 31 27 31 18 19 
