60 60
426 115 392 57 202 91 362 55 412 496 217 32 401 296 367 396 209 51 402 23 453 167 258 264 128 427 316 449 376 461 452 262 432 105 413 49 173 333 416 237 405 335 294 351 258 497 16 263 182 330 28 498 175 136 193 69 94 422 426 315
243 91 327 285 289 296 93 465 37 483 421 360 11 44 6 337 41 15 481 431 46 148 237 233 220 332 70 432 190 37 49 312 219 410 151 330 477 251 315 369 240 39 450 252 375 57 377 234 296 309 44 53 378 132 402 362 26 29 222 336
471 192 9 261 22 426 108 481 198 427 17 48 332 481 326 16 256 279 283 83 270 386 389 121 390 276 494 11 462 243 30 328 168 325 116 463 322 474 114 355 381 9 207 260 271 361 230 462 401 435 208 115 225 122 203 4 369 452 177 383
401 390 398 190 432 352 273 373 343 226 68 68 368 429 157 391 368 190 5 208 254 141 425 345 15 178 220 196 463 435 494 497 146 386 238 254 464 96 342 348 295 59 330 141 231 314 456 206 434 290 229 229 394 342 275 288 41 309 62 309
271 281 279 351 420 417 227 322 74 424 293 385 162 55 209 252 317 166 174 20 207 433 393 206 456 22 274 392 29 189 138 20 116 222 442 67 271 217 299 186 367 61 180 81 202 282 482 424 292 225 379 266 292 215 406 382 243 165 243 59
6 355 192 94 255 400 33 230 100 8 109 133 26 313 262 47 50 488 346 359 467 71 117 240 342 55 475 9 485 250 289 416 288 273 85 21 122 40 200 408 38 280 436 478 427 36 251 106 10 201 134 341 315 7 25 434 361 491 318 45
12 493 206 339 329 145 413 67 134 372 180 190 328 382 199 464 49 144 469 446 386 191 462 444 178 197 14 411 467 28 445 121 109 283 433 371 111 479 375 126 499 93 8 243 253 3 320 79 281 238 316 186 414 101 279 228 377 312 334 387
17 226 421 492 37 39 449 372 197 336 3 329 227 495 424 376 170 159 479 39 145 25 379 42 497 280 236 232 86 240 432 482 285 134 328 215 132 267 389 375 362 415 392 26 275 133 206 6 7 313 296 216 372 359 51 422 173 271 224 105
187 75 231 47 352 157 424 85 352 368 226 499 165 296 457 10 388 133 279 315 229 94 152 193 34 369 451 22 370 406 242 222 467 119 162 154 95 446 78 270 73 326 212 148 373 331 342 4 10 180 379 328 267 123 81 331 309 81 329 185
140 158 179 116 325 328 34 132 22 395 409 11 28 429 166 379 451 127 320 31 449 145 385 210 62 325 373 186 170 18 251 1 394 52 253 398 234 155 339 469 231 155 182 49 149 143 187 499 221 29 330 95 206 379 167 478 277 121 84 62
297 223 264 122 333 429 152 186 339 125 238 222 307 270 99 387 293 192 116 221 187 102 444 316 459 345 413 485 425 74 302 15 434 248 111 467 84 56 44 438 366 445 443 412 110 380 223 280 416 391 84 308 307 289 112 369 146 322 332 163
256 458 27 336 426 391 150 109 440 358 53 317 360 399 255 89 48 126 465 489 42 366 431 334 244 141 412 360 146 40 406 139 469 322 399 116 433 91 29 353 343 58 163 378 322 65 215 289 434 440 433 456 231 264 56 473 32 313 488 355
258 106 384 208 432 312 166 80 338 320 49 213 453 85 385 60 317 38 388 284 346 102 67 371 306 215 352 122 240 305 420 52 222 397 255 224 245 182 125 358 143 341 351 480 229 205 385 267 107 172 204 190 148 395 4 493 263 166 285 254
11 59 329 105 153 152 283 178 284 60 160 228 39 310 152 31 170 363 224 421 386 44 102 178 260 257 439 319 319 373 320 281 496 207 407 22 85 262 480 54 54 161 229 345 400 134 176 80 269 209 244 459 92 199 64 89 430 266 88 87
464 217 444 44 180 258 197 472 434 206 235 306 264 51 381 158 266 110 27 255 234 295 227 264 35 3 460 189 17 417 497 454 113 90 225 23 311 397 356 238 150 86 26 281 218 335 380 434 441 230 323 461 263 41 217 74 203 169 92 475
245 90 184 298 281 127 320 325 77 474 132 249 88 158 492 361 57 89 384 280 393 100 238 479 366 77 121 461 175 88 47 347 30 60 348 402 441 214 399 348 394 144 388 497 429 193 334 139 6 6 269 475 119 447 111 190 481 178 215 394
287 366 492 301 172 240 121 106 441 81 191 380 484 73 418 346 204 426 342 453 161 0 443 321 154 250 159 331 183 239 35 346 404 118 301 450 139 225 435 466 479 127 443 375 261 304 87 16 79 388 327 193 174 428 159 196 383 136 166 116
77 150 175 306 82 402 467 423 356 350 399 148 150 168 494 300 394 192 347 433 8 207 321 117 348 341 457 164 267 46 171 443 147 204 307 444 245 296 206 92 389 212 426 443 176 219 275 456 397 275 11 20 140 40 16 146 476 439 55 337
252 172 241 136 172 427 375 346 33 33 262 321 231 467 103 421 398 59 415 117 321 490 57 22 490 311 408 392 28 11 243 372 97 98 321 304 349 214 312 429 219 174 2 311 99 151 465 421 267 385 268 78 283 176 253 409 384 416 422 403
180 457 380 99 185 252 449 238 162 269 435 193 247 439 4 365 388 264 24 389 172 406 11 364 178 207 267 184 118 1 168 7 438 400 199 357 215 281 443 240 135 328 217 486 487 251 269 84 84 36 64 29 69 213 480 175 36 245 418 213
394 497 23 12 434 201 457 447 464 206 87 448 146 52 255 395 224 341 147 375 154 419 326 93 366 105 291 311 215 348 105 72 406 304 398 483 134 110 165 454 370 17 329 332 131 498 457 347 42 168 482 43 114 399 382 320 269 96 319 484
265 104 96 279 5 240 374 159 158 497 99 67 443 237 285 371 472 46 53 489 286 458 307 404 443 36 369 160 485 176 172 117 260 195 456 50 38 60 242 103 128 248 494 420 227 48 182 398 314 387 69 446 65 416 98 306 107 347 21 492
293 72 442 244 307 444 234 129 17 214 196 207 340 322 197 204 479 365 226 181 251 190 212 25 423 344 43 322 119 42 464 481 219 341 166 12 24 97 384 112 240 374 288 498 135 206 306 451 183 330 104 345 228 84 312 335 413 51 306 12
61 174 430 225 473 478 0 372 377 300 10 225 433 85 161 285 486 322 10 455 39 459 423 304 342 35 382 120 158 298 336 484 458 295 357 291 323 412 215 311 207 491 243 347 349 391 425 249 362 338 446 61 249 89 289 409 201 450 425 404
411 145 331 303 490 212 228 129 279 400 49 385 259 409 256 326 354 357 230 152 231 346 355 283 180 189 104 265 394 411 326 318 334 49 404 66 227 321 337 195 438 330 142 402 228 407 319 372 311 61 166 156 14 27 261 202 283 103 218 258
170 4 269 279 240 267 379 336 268 425 473 181 126 402 376 242 42 436 129 61 397 137 208 480 223 194 214 36 297 350 67 219 404 487 167 450 211 374 55 308 255 352 127 126 14 265 33 96 330 465 76 98 479 200 50 442 337 323 144 286
10 400 50 51 386 42 340 185 327 203 309 71 162 494 345 478 216 209 118 187 160 57 356 448 303 311 136 103 349 469 316 40 337 397 45 485 487 272 318 220 206 229 415 354 297 257 304 85 75 42 308 69 368 336 83 128 267 440 198 392
417 487 342 424 328 98 40 350 369 486 476 132 155 429 218 228 416 369 464 130 267 80 363 126 389 145 422 256 481 481 313 466 227 256 221 268 233 350 343 400 18 366 458 469 252 462 336 125 405 89 281 320 26 266 499 71 465 248 129 298
20 18 17 359 182 118 356 71 425 194 340 307 367 117 434 103 109 216 36 126 203 322 394 209 382 142 211 50 452 378 78 335 448 253 410 5 486 238 183 436 399 355 212 341 254 408 65 28 392 131 146 149 310 35 374 284 335 64 338 218
251 231 120 443 88 162 322 199 208 317 155 108 16 285 373 396 62 312 47 8 140 458 419 390 148 54 210 87 109 309 411 141 144 493 307 246 232 177 376 394 20 65 49 183 306 186 209 300 93 389 385 176 419 17 177 178 79 53 198 336
278 244 12 256 161 355 161 319 191 120 488 344 16 393 123 448 417 221 109 69 132 41 245 133 269 303 480 308 2 150 484 410 276 131 152 83 105 366 213 313 117 99 115 263 309 464 366 252 136 61 104 305 491 14 451 385 145 84 318 349
455 176 169 73 3 325 468 169 19 485 165 174 47 237 470 430 89 189 376 355 229 48 466 287 265 275 359 41 62 58 341 80 11 263 7 180 112 428 375 5 209 188 333 483 102 408 276 310 141 487 228 392 333 404 304 306 305 211 356 42
344 41 228 260 348 177 151 190 479 108 466 385 17 383 363 437 338 82 491 252 484 353 411 119 367 232 448 440 334 316 306 362 458 236 370 424 379 11 157 452 109 232 427 203 173 371 344 218 338 254 418 46 129 108 82 158 370 433 335 162
310 42 193 376 4 143 419 475 487 378 246 134 488 89 164 393 212 265 100 450 477 160 327 256 386 21 192 69 354 125 269 407 2 112 48 25 471 40 101 474 351 321 64 58 497 399 161 499 458 363 343 295 465 25 123 183 194 44 234 247
242 384 397 87 300 391 438 308 498 328 453 280 30 438 268 142 189 99 117 199 403 461 55 134 9 373 464 393 301 397 266 153 87 199 45 32 97 466 466 382 481 387 453 154 253 271 363 115 68 470 189 317 205 275 420 421 389 203 312 62
491 477 133 328 71 447 355 204 159 457 190 143 347 185 94 452 443 384 436 17 89 236 96 267 80 335 153 411 10 34 442 493 100 47 308 310 116 123 101 415 3 76 301 99 388 461 423 437 452 251 414 61 303 191 84 232 15 60 245 68
489 434 396 317 191 427 175 252 22 268 17 384 499 322 432 461 386 149 264 443 487 190 12 44 48 323 53 113 433 471 334 423 299 340 202 26 24 183 181 4 283 172 57 171 226 226 180 45 20 410 351 278 44 21 389 231 144 159 43 174
262 468 402 175 194 164 39 208 30 112 134 55 124 443 385 31 407 222 291 125 339 437 242 198 12 235 469 51 477 214 179 152 335 206 337 37 331 13 189 329 71 143 250 258 131 316 162 261 28 282 218 189 246 438 445 322 230 271 206 125
333 356 374 113 162 83 268 362 102 18 406 364 250 194 381 346 64 265 165 268 424 191 469 439 233 210 30 327 120 111 481 329 303 121 67 179 347 95 189 20 165 129 267 125 443 224 283 480 6 140 25 330 270 262 219 53 466 162 165 260
91 363 333 191 53 467 94 160 153 417 284 127 210 39 98 200 313 121 5 435 272 274 226 17 396 108 86 429 446 33 392 265 433 166 227 31 251 87 386 322 132 417 313 273 153 113 196 329 68 187 472 187 137 125 82 259 282 241 135 95
143 23 168 384 349 462 265 213 424 152 112 299 362 460 89 350 447 202 412 415 112 420 318 130 25 32 478 128 444 179 247 332 349 301 223 275 142 414 464 377 308 443 392 75 87 229 87 171 496 225 395 101 342 143 17 52 466 88 387 451
301 221 141 449 173 310 434 171 145 179 428 394 134 132 372 387 471 111 344 421 335 489 46 379 261 0 419 32 276 272 261 190 18 428 479 29 337 290 223 153 214 64 31 256 218 344 442 299 203 237 11 427 236 276 54 476 138 186 348 116
267 80 57 58 184 283 277 161 283 108 38 159 47 282 166 264 73 324 239 383 57 494 197 196 2 373 82 250 80 442 129 379 286 174 131 142 379 119 468 24 395 410 415 482 100 449 271 331 59 176 313 113 18 294 388 219 128 495 248 435
3 147 492 299 228 397 409 209 307 273 472 170 446 32 252 253 399 12 85 450 127 194 446 61 393 66 407 335 174 256 53 390 71 175 423 343 163 496 267 308 429 471 243 490 444 207 413 295 478 399 60 54 369 35 79 193 297 369 285 181
275 100 368 106 356 441 127 120 346 2 291 109 241 475 276 356 307 290 223 156 419 1 347 85 439 110 296 373 72 336 317 160 316 154 343 263 102 418 426 56 7 79 221 375 70 207 329 238 391 374 270 316 420 277 221 407 150 5 134 105
442 170 316 193 31 244 112 315 296 398 15 121 130 298 444 333 220 338 382 268 132 45 42 142 182 341 183 387 387 458 155 483 159 453 94 346 345 314 473 480 356 161 254 144 203 100 491 337 333 363 110 418 486 111 195 358 49 436 39 3
161 12 174 372 40 44 179 30 72 302 185 35 235 361 490 59 255 91 365 252 77 347 130 120 321 247 407 264 156 206 40 459 191 51 380 185 82 453 415 78 111 127 301 398 21 292 10 78 295 428 11 329 165 115 156 51 331 130 55 142
419 394 349 9 329 442 264 232 425 289 140 141 465 346 462 40 407 101 128 426 133 163 135 463 166 310 191 270 470 494 187 363 245 395 10 110 382 134 185 58 360 407 312 382 172 126 81 12 165 402 125 234 393 96 164 133 150 389 32 56
41 369 413 227 16 116 466 207 42 270 157 392 402 174 269 177 259 316 294 218 38 496 222 282 112 324 376 440 180 111 402 81 351 491 58 168 152 304 203 446 463 487 14 278 380 440 429 226 40 238 321 90 133 123 430 271 251 301 32 141
402 330 419 322 182 428 291 347 314 127 401 155 324 315 64 489 411 131 241 437 400 69 383 389 164 483 167 12 157 482 369 103 89 435 266 22 374 299 279 122 83 491 284 209 390 311 160 240 472 468 299 44 41 8 81 465 145 470 111 376
472 29 257 113 207 226 279 46 47 432 61 200 474 40 217 422 308 55 44 17 85 339 403 122 133 258 277 378 120 173 295 381 369 398 449 301 41 374 61 99 331 276 279 290 394 53 31 73 156 298 34 253 451 414 490 301 4 450 396 420
86 183 430 286 188 352 254 332 230 29 310 186 46 183 84 207 496 131 404 141 175 380 217 293 125 451 8 436 400 185 492 192 289 490 66 122 304 371 84 58 75 341 121 296 138 349 470 362 20 207 362 231 71 75 439 430 168 464 125 381
337 339 187 31 478 461 55 58 269 266 296 460 104 192 306 75 48 84 139 118 497 297 202 163 167 148 98 315 255 139 9 391 216 134 365 316 331 6 160 304 41 131 91 320 201 461 187 24 349 329 436 383 51 5 457 444 178 27 131 459
460 4 192 15 65 35 442 57 24 431 72 87 241 251 163 491 298 221 341 284 207 417 458 374 38 429 7 430 385 167 224 167 286 166 414 406 12 359 86 63 492 130 7 152 292 25 100 480 336 38 216 10 27 287 277 135 320 317 96 231
200 27 253 409 356 181 183 63 141 407 317 131 28 49 44 361 257 147 286 337 447 271 238 173 414 239 89 136 483 78 312 88 395 92 353 53 167 461 470 126 239 257 37 147 16 327 295 22 6 76 337 326 85 272 264 52 41 80 381 425
300 233 338 355 194 246 350 276 28 135 485 256 156 364 275 419 334 50 467 346 359 92 155 77 239 294 241 406 179 72 326 258 200 24 421 261 475 291 212 138 330 479 292 187 89 440 22 0 112 29 206 100 71 414 76 479 180 149 106 0
18 72 340 421 425 317 422 76 225 426 374 100 430 362 140 345 465 112 103 126 86 128 287 489 339 81 136 341 24 435 230 462 15 456 368 307 425 86 189 356 495 418 116 420 343 169 346 258 302 329 235 308 393 116 157 178 283 9 238 483
353 315 476 425 440 388 248 212 326 121 248 226 489 419 451 189 132 435 281 25 441 286 179 273 301 139 48 415 226 239 247 181 88 199 163 64 21 497 18 454 330 131 319 4 218 352 66 14 311 271 187 478 336 261 308 425 160 225 278 342
479 487 460 130 417 59 5 395 385 378 443 405 301 453 115 298 8 59 217 101 474 45 255 51 443 412 217 496 404 217 295 224 139 219 78 333 198 183 134 15 75 294 244 19 259 95 65 103 247 208 430 314 297 150 157 451 80 1 335 125
290 178 113 394 26 177 191 3 40 29 354 191 289 490 424 428 0 55 287 106 187 51 331 339 32 32 286 412 366 38 418 65 88 112 460 358 363 54 273 88 115 451 409 268 317 450 38 326 396 138 481 250 279 286 143 275 99 486 139 312
398 214 23 233 9 489 393 74 212 462 340 186 395 425 125 109 44 266 426 119 320 115 383 251 222 407 354 1 50 376 412 48 269 248 162 171 10 177 201 227 241 470 148 74 175 125 394 43 187 5 295 207 80 350 82 348 73 164 347 9
