60 60
392 417 151 187 128 347 328 285 151 498 285 174 311 175 135 332 373 479 198 239 70 398 261 471 337 163 383 371 398 204 133 93 463 123 362 81 34 48 151 420 106 435 357 295 489 250 226 262 411 428 128 450 401 98 367 372 188 111 360 459
225 364 36 303 271 391 228 50 395 311 389 121 68 61 447 377 244 341 220 288 152 305 103 53 364 172 438 365 189 497 201 335 390 401 287 257 66 373 434 313 95 111 374 97 353 13 5 257 243 334 0 97 353 474 123 423 491 169 163 33
156 444 474 361 304 363 58 303 395 117 476 192 431 231 156 416 444 50 252 137 206 444 396 380 433 73 404 165 174 474 329 4 415 273 93 335 310 298 294 107 170 243 378 453 161 395 287 470 87 76 392 478 140 21 182 163 315 4 277 491
19 198 32 423 225 15 492 470 471 240 52 420 421 491 382 165 264 448 98 396 55 46 178 354 71 241 494 133 422 69 437 257 131 472 230 62 261 161 41 38 94 294 385 97 414 38 351 373 256 88 173 2 62 271 42 44 411 158 489 83
168 17 285 209 256 241 212 330 146 232 93 37 387 107 382 166 55 456 433 43 13 214 333 494 122 207 287 406 337 248 450 360 49 258 197 435 446 56 113 3 479 195 7 149 351 6 10 397 306 333 368 432 297 458 117 221 37 54 492 260
33 393 277 496 30 160 379 313 157 328 68 390 8 223 336 35 364 14 331 436 341 317 390 225 32 368 40 32 146 182 473 294 163 53 436 43 319 494 467 44 499 153 274 134 436 242 80 347 89 460 497 423 452 212 410 427 254 135 30 323
245 406 367 150 106 345 109 229 155 299 442 391 101 226 92 108 106 441 16 12 309 191 264 487 53 65 160 32 375 161 445 347 258 245 416 328 89 95 314 361 421 384 403 459 294 404 105 67 168 447 439 322 411 349 231 157 165 97 437 114
440 195 357 48 275 150 218 477 215 297 154 431 260 239 455 449 485 62 42 238 96 317 492 221 434 277 173 350 112 411 22 125 329 272 66 87 422 275 100 279 150 353 45 482 255 415 206 182 202 85 463 359 11 92 86 148 307 11 317 491
152 8 333 22 1 380 232 402 387 88 373 5 484 66 160 267 42 31 313 446 123 440 131 44 142 388 231 340 119 493 22 343 342 229 308 241 358 486 174 285 164 132 47 221 283 25 36 414 353 411 270 329 72 495 311 93 461 50 404 86
257 242 291 443 252 138 442 151 435 369 188 369 93 220 464 10 273 299 211 33 187 249 248 110 254 112 187 84 432 55 315 291 487 486 39 278 366 118 289 39 295 63 46 463 95 453 391 285 124 354 124 151 430 52 62 435 306 14 399 45
256 415 333 413 152 177 183 316 56 495 48 106 265 485 77 163 28 158 428 312 372 384 253 339 433 32 42 279 372 210 203 334 90 101 53 38 185 378 1 203 104 178 285 463 8 32 17 475 357 186 166 381 377 241 466 486 46 155 247 436
43 237 343 383 52 257 198 364 371 328 224 484 106 493 231 464 9 388 115 137 411 317 153 272 120 180 5 72 451 206 174 225 150 335 349 342 364 313 409 378 399 79 128 483 137 237 1 273 170 416 34 450 313 237 171 445 454 353 59 191
339 130 208 36 162 170 314 280 285 198 228 218 393 264 55 184 311 77 463 273 294 446 482 411 186 346 177 349 15 14 179 178 478 179 238 422 381 163 377 151 172 246 348 209 428 290 162 144 279 375 46 134 487 355 102 8 266 189 247 359
423 463 409 309 34 138 86 314 215 466 159 321 156 416 19 316 69 422 73 324 350 314 452 115 229 85 357 44 349 479 117 334 467 259 327 210 240 281 384 231 262 335 90 444 300 1 381 356 77 52 32 142 104 189 373 181 360 245 468 92
102 35 341 349 466 179 175 476 160 266 186 80 69 236 340 293 38 402 23 478 207 73 480 14 162 230 209 154 248 317 215 297 258 299 308 40 356 208 236 106 154 82 203 417 107 391 123 462 146 89 286 146 307 396 346 354 136 391 352 42
414 458 441 171 44 379 449 347 54 238 210 387 254 310 461 435 190 430 25 231 159 33 162 190 167 341 83 396 482 371 443 356 185 358 432 479 300 382 318 58 103 213 256 57 307 5 462 235 494 18 258 203 294 472 112 330 64 245 197 481
103 35 111 131 321 168 330 414 276 14 181 94 358 271 131 125 301 382 498 225 10 112 261 286 270 474 483 422 225 435 410 355 4 234 268 268 306 38 165 475 203 450 300 440 385 427 4 443 334 409 389 482 110 3 214 366 422 408 167 209
397 203 360 285 75 157 203 159 129 280 199 380 398 328 367 418 19 218 78 263 164 398 95 270 240 397 404 313 326 268 326 103 425 31 237 57 57 448 231 26 74 328 46 166 430 251 263 35 464 104 68 123 383 212 7 243 178 151 132 253
262 225 134 359 64 5 294 359 65 135 55 163 43 312 268 497 145 421 205 225 247 12 267 95 170 305 123 394 113 79 296 313 452 264 147 298 263 424 46 58 100 449 14 374 301 326 109 268 9 381 486 451 280 146 346 308 408 331 291 219
476 360 349 437 401 388 355 342 388 375 48 374 165 207 223 200 168 91 317 396 181 233 195 407 384 157 321 10 207 147 328 284 342 331 84 58 120 132 100 264 136 450 54 166 227 466 319 494 23 486 78 365 84 426 262 362 67 324 423 388
98 434 16 274 24 410 90 467 111 76 445 278 398 283 319 296 496 365 168 255 249 337 401 385 379 497 342 455 184 143 347 322 25 279 493 495 215 129 418 77 313 49 331 344 371 94 243 207 23 204 196 201 319 192 3 483 152 404 478 199
331 296 303 388 216 188 181 85 257 420 371 99 467 265 147 267 174 350 281 242 307 158 31 107 361 108 238 311 381 358 360 101 483 414 54 212 220 204 249 4 433 375 140 265 80 219 474 272 240 360 45 294 253 282 440 413 74 138 485 289
329 309 375 335 331 188 193 371 100 233 395 29 56 86 355 377 39 427 114 351 18 202 402 403 191 483 423 46 332 6 330 258 40 461 466 425 16 181 61 471 116 235 167 7 495 137 319 135 324 450 380 221 284 456 1 187 263 480 58 282
444 114 97 486 185 14 460 423 470 77 493 198 161 309 218 163 105 114 322 302 77 174 275 153 36 473 454 4 301 75 29 484 497 187 50 363 188 199 405 344 151 200 474 279 80 343 141 308 19 149 199 434 372 441 115 6 290 490 47 290
481 497 231 328 154 234 312 364 132 341 246 71 249 97 41 47 447 190 378 219 88 371 489 390 264 156 462 317 34 433 182 372 383 499 126 39 207 18 344 249 297 499 357 353 140 51 186 239 477 449 1 498 197 289 101 246 429 109 438 457
466 132 448 446 406 308 177 310 295 455 105 10 289 431 25 157 165 124 69 245 298 342 489 341 266 55 307 248 422 37 173 169 249 163 310 249 21 208 144 316 271 242 324 335 145 320 35 434 140 166 134 221 300 35 478 17 318 422 391 499
14 493 175 39 488 301 125 140 280 184 75 405 270 428 412 322 388 439 40 45 307 497 48 17 17 221 276 350 404 102 397 371 133 406 181 127 21 222 243 33 122 363 413 416 389 427 215 282 36 146 295 366 315 350 218 29 207 237 60 262
325 494 99 479 177 322 490 312 458 46 132 22 322 314 149 187 495 222 351 48 340 375 328 415 95 55 444 6 27 487 313 456 311 375 174 26 175 27 287 455 471 493 335 498 94 119 346 57 270 108 196 340 486 157 484 321 371 406 228 55
365 262 420 222 468 46 380 401 19 11 233 223 181 353 245 347 111 498 132 95 354 114 253 2 228 456 185 382 110 193 420 156 187 379 206 426 14 411 254 18 250 5 494 469 306 227 357 191 4 197 130 180 244 195 419 275 120 219 121 226
26 315 58 61 328 222 66 321 387 75 245 333 471 381 113 464 198 244 226 255 25 435 203 354 244 329 237 378 113 222 457 31 188 306 409 88 58 440 409 123 354 427 58 415 350 174 401 284 217 111 357 230 132 147 182 396 140 57 155 55
410 397 498 90 338 367 153 234 126 489 184 381 126 179 40 445 127 322 365 476 383 94 346 300 205 351 405 82 335 260 467 243 7 189 124 291 16 360 249 403 242 191 324 262 399 264 348 229 47 106 23 176 418 292 195 17 471 203 483 202
290 295 297 453 91 39 195 465 314 242 335 466 229 306 248 475 197 278 201 223 20 216 399 184 387 187 6 351 283 118 24 289 51 457 224 206 320 173 349 96 368 397 469 34 372 123 38 373 17 208 429 272 307 432 389 28 263 104 107 266
114 478 141 43 255 27 292 43 89 349 358 373 274 221 446 269 290 279 250 75 342 425 443 496 213 314 241 441 146 34 280 322 145 39 284 283 30 198 386 306 352 229 428 383 175 120 312 89 108 366 3 340 135 344 332 70 160 265 426 333
286 56 416 214 435 294 128 457 231 155 376 301 41 245 135 379 112 158 105 158 53 283 326 225 363 480 85 36 148 405 238 488 254 316 160 479 414 443 179 108 482 487 258 401 124 224 23 201 305 170 139 235 397 229 379 44 187 377 297 160
117 408 198 224 40 335 370 24 283 462 494 285 494 487 370 114 79 135 384 94 492 21 133 298 131 138 423 152 190 311 498 234 223 486 361 254 359 469 49 223 488 488 49 397 209 456 411 226 14 290 201 172 483 77 422 444 44 332 336 370
484 195 13 68 78 261 294 252 495 499 179 234 489 270 180 216 470 260 73 411 157 26 329 267 453 447 67 294 498 486 485 3 236 246 224 425 368 422 447 239 194 354 226 370 203 380 493 258 372 276 422 429 455 489 31 400 52 42 18 463
248 9 79 336 366 245 152 41 382 461 18 197 490 407 0 403 415 493 84 272 493 465 162 412 243 410 277 313 260 278 207 426 80 174 471 462 213 260 425 384 124 383 37 34 349 390 398 292 121 259 447 461 445 115 188 449 314 153 88 22
473 340 105 142 482 303 315 363 450 268 406 295 320 128 295 418 459 401 79 363 297 63 160 20 350 80 3 328 476 400 492 74 424 243 477 446 464 169 386 294 374 377 402 457 147 95 47 46 263 292 384 341 324 478 309 32 79 145 43 165
206 181 290 324 205 91 172 54 0 210 291 53 239 223 246 73 129 443 72 93 90 94 344 116 98 452 70 24 361 87 322 244 63 38 167 444 153 127 382 488 282 216 469 262 239 141 77 243 378 366 178 447 240 323 46 388 286 147 48 63
340 22 65 449 162 286 412 121 222 259 97 243 339 170 137 85 483 330 144 386 186 492 400 458 299 139 129 53 460 115 70 165 473 30 116 230 365 458 427 202 457 266 276 447 4 478 286 43 324 482 394 72 60 60 76 2 124 346 383 244
438 315 234 25 326 448 319 114 388 92 462 357 428 311 292 153 279 365 320 477 367 212 155 23 459 223 313 83 260 215 241 190 464 330 58 462 328 23 259 104 306 274 448 219 388 425 295 318 116 289 455 10 287 192 218 49 0 74 444 86
458 92 255 340 480 307 324 341 281 93 185 259 281 389 271 88 208 256 406 130 455 69 186 213 418 58 295 210 272 373 129 339 283 19 276 224 384 418 498 349 48 159 254 336 114 403 188 484 367 131 66 454 166 438 492 4 231 8 255 405
39 352 140 99 152 247 349 74 291 266 128 433 181 9 398 215 303 470 455 167 196 380 289 470 379 37 283 36 387 365 59 395 312 455 37 195 75 172 19 124 269 6 334 387 273 250 422 386 357 382 141 491 22 457 85 194 491 232 493 275
289 226 303 435 261 385 3 145 333 43 208 325 225 390 54 287 458 13 103 461 121 482 315 174 140 91 157 246 183 367 398 261 387 256 81 349 263 20 241 454 306 334 0 75 462 397 478 462 370 279 367 288 423 381 152 140 418 197 99 168
219 206 459 429 125 444 309 396 359 223 232 86 227 87 414 192 347 108 404 266 386 238 277 135 149 125 466 120 379 255 391 121 435 44 266 362 184 172 240 77 200 116 339 367 337 384 159 459 254 139 364 488 490 98 349 378 26 461 247 114
209 130 457 271 452 99 419 499 40 207 422 83 32 46 147 125 104 394 224 9 32 343 17 207 115 268 455 251 151 234 311 40 2 464 402 99 209 17 27 133 460 186 381 453 314 57 192 285 432 42 195 296 275 209 285 24 441 311 498 357
148 389 364 247 85 261 90 489 426 461 292 30 215 385 373 292 188 483 271 174 353 187 237 389 356 104 66 75 180 422 479 483 152 131 478 154 458 346 480 51 434 354 63 136 436 23 216 267 258 165 58 260 486 196 337 406 357 206 310 144
405 493 399 74 232 441 167 290 197 476 64 401 297 343 128 307 445 211 290 86 218 299 235 264 322 431 211 172 439 477 35 446 54 261 51 95 30 417 342 68 23 291 178 286 48 6 2 314 214 307 410 406 280 270 259 29 462 316 339 112
227 466 299 61 498 490 286 324 23 187 489 76 479 324 126 289 197 268 236 401 371 106 131 68 202 498 273 42 188 471 310 303 378 394 459 402 296 451 286 50 298 0 96 28 156 497 95 356 189 225 37 389 78 366 349 84 267 27 118 52
16 99 300 437 402 489 82 493 115 55 165 370 137 395 361 367 361 189 466 443 275 252 189 1 41 101 119 283 187 448 144 333 301 56 435 426 69 57 55 202 188 439 297 159 322 97 248 354 52 25 64 243 320 158 240 413 263 318 173 493
455 272 95 353 474 418 101 268 57 133 352 318 177 229 142 413 457 162 293 214 468 466 30 265 402 458 44 414 375 193 9 154 229 339 138 183 313 195 271 286 12 273 191 84 62 484 490 375 83 33 123 64 102 483 252 264 255 280 7 438
473 233 19 42 372 393 214 98 193 244 467 135 107 434 275 212 74 284 68 465 7 412 6 88 478 39 408 401 373 370 280 242 38 168 294 186 350 406 212 301 314 25 44 418 376 351 375 287 289 176 137 121 205 461 442 183 51 12 473 381
420 408 285 420 203 234 50 354 425 488 362 445 247 133 488 30 4 411 23 481 404 498 480 225 279 308 195 253 118 372 289 11 50 263 355 165 213 65 482 227 268 74 117 93 411 432 145 49 347 341 171 47 240 236 1 140 251 269 428 332
198 231 429 447 197 26 368 457 153 44 41 375 11 180 302 369 313 62 418 360 386 69 96 70 177 237 88 356 491 292 261 250 138 443 267 457 348 94 363 190 460 61 164 91 490 469 170 286 313 345 470 186 390 116 221 29 97 33 476 205
467 81 421 349 242 424 13 145 168 432 265 375 323 469 393 78 369 45 35 273 408 105 392 27 194 299 175 476 169 254 242 177 72 422 132 313 141 393 372 300 398 449 438 338 304 165 200 70 84 256 158 398 451 465 73 152 280 127 478 133
194 447 83 369 31 423 206 383 347 473 391 161 9 252 117 180 319 234 288 429 494 58 178 250 355 201 216 207 162 410 192 440 141 193 327 74 224 332 18 349 496 153 315 335 240 109 407 309 66 112 436 103 40 399 395 339 158 266 54 472
467 358 171 10 394 380 38 24 87 147 323 408 22 446 357 143 69 33 316 249 23 140 322 479 430 34 288 170 459 21 180 88 353 77 239 81 262 98 93 383 251 383 25 109 192 461 99 496 42 402 328 298 415 235 77 247 131 68 174 458
160 253 318 166 452 297 83 354 341 206 211 307 241 162 97 393 377 113 24 276 251 15 178 132 153 139 136 440 35 182 375 81 197 40 275 120 446 259 288 284 42 129 232 295 54 93 111 160 396 442 336 218 376 414 229 222 214 17 177 467
296 176 341 482 74 306 474 376 139 287 97 128 68 35 18 490 222 272 359 80 431 361 308 24 386 205 395 173 448 125 24 206 370 291 187 398 237 78 108 406 215 56 470 58 354 386 263 358 7 180 481 308 461 82 378 437 44 216 20 431
137 192 281 25 185 324 366 405 84 382 250 114 375 166 30 119 179 27 299 478 97 197 376 269 154 314 189 7 283 38 257 15 237 394 149 138 192 30 237 323 289 238 221 453 131 107 92 214 66 289 441 38 13 99 193 427 401 279 371 261
226 434 42 312 492 331 354 448 262 416 66 497 423 81 267 372 162 96 264 289 157 457 276 391 52 266 321 345 427 406 400 256 141 320 112 166 183 358 104 302 61 400 392 467 290 278 468 403 478 42 323 13 296 445 247 208 3 84 112 176
