100 100
64 379 146 272 469 345 117 478 325 42 216 136 66 106 0 191 467 90 267 213 137 231 293 321 461 105 367 243 164 4 361 331 448 459 304 420 452 97 342 61 47 258 15 113 18 374 472 347 462 57 25 227 439 253 83 196 246 95 28 454 283 285 178 283 181 219 495 184 236 307 379 56 75 5 261 33 340 246 105 112 209 300 466 270 132 461 397 300 466 335 393 44 49 473 389 249 127 123 306 377
421 98 105 254 423 152 153 58 268 437 243 117 382 444 334 499 201 351 268 275 61 237 272 100 43 79 225 452 386 426 233 275 364 392 169 226 139 53 388 459 362 260 372 42 492 175 446 395 362 115 87 277 484 167 453 312 369 108 305 290 328 159 17 319 163 411 136 449 277 212 440 169 338 390 9 111 71 121 252 349 217 155 406 7 94 15 77 109 372 44 292 164 245 476 61 193 260 90 470 209
454 145 307 75 320 206 339 196 373 62 20 242 351 80 226 391 102 150 147 160 406 297 204 45 251 26 309 422 342 199 244 236 40 414 322 208 419 482 168 363 134 365 133 478 372 233 346 174 326 414 353 404 67 192 40 101 29 100 96 374 222 343 400 62 317 436 286 30 253 181 419 334 457 262 301 219 474 263 422 10 338 487 137 298 354 318 59 409 251 419 126 74 148 292 86 90 195 97 119 195
180 98 102 194 315 65 18 248 2 75 225 483 350 327 262 185 355 412 31 116 267 437 361 499 247 415 83 111 328 223 287 39 209 321 319 80 43 481 164 135 290 167 101 70 245 324 435 184 183 189 265 240 96 83 427 292 246 464 372 390 420 299 378 128 487 137 318 424 28 266 51 210 91 102 181 99 340 310 255 390 346 471 303 18 105 262 131 116 433 303 86 121 276 235 206 171 358 238 107 70
323 154 259 283 181 284 13 101 425 292 80 435 198 461 346 302 401 109 152 446 75 96 188 49 2 109 218 400 45 47 405 172 318 33 53 4 121 87 301 371 199 444 327 258 357 323 34 333 27 380 498 267 150 111 214 82 311 200 360 139 485 195 333 5 492 181 238 70 315 48 400 32 242 269 142 489 186 244 111 388 111 53 240 132 108 62 130 339 357 170 27 457 59 36 266 294 306 91 415 377
136 124 52 227 444 471 115 112 437 450 124 94 226 119 351 181 208 488 367 24 399 57 479 334 364 220 444 282 241 55 101 135 269 91 315 126 110 319 272 328 446 436 91 457 463 370 196 145 317 114 474 331 340 52 111 206 209 493 336 84 51 316 256 438 414 312 444 10 484 0 334 254 21 81 55 461 369 169 73 219 81 438 196 462 172 377 301 55 137 259 178 488 382 227 491 239 365 9 171 356
290 427 179 389 492 88 163 226 211 322 476 185 407 466 371 347 328 96 19 150 310 382 330 358 453 283 265 347 431 13 72 196 23 204 103 325 112 16 340 231 172 221 233 404 342 248 174 373 477 421 415 485 145 488 97 283 407 238 406 32 225 114 245 476 226 475 231 406 306 1 489 416 199 307 159 238 70 368 427 415 494 32 272 316 157 331 147 22 133 164 139 291 323 479 303 21 426 336 484 276
223 396 73 301 211 345 361 366 32 249 228 483 334 161 487 275 443 333 308 380 243 13 357 150 193 459 109 385 417 185 348 490 381 191 154 289 351 346 200 294 466 277 430 21 363 110 19 343 345 68 448 354 486 183 481 124 210 467 166 187 346 288 393 94 108 402 159 74 373 314 167 11 155 403 481 304 99 147 222 198 423 41 445 79 374 134 263 99 31 243 340 291 170 255 161 34 340 49 15 11
282 305 455 156 40 165 142 396 95 271 72 382 115 284 220 34 127 193 270 173 464 252 207 357 429 316 298 392 285 472 291 360 462 229 458 166 112 323 168 170 147 151 365 81 261 263 161 219 260 331 148 342 29 451 290 297 24 404 115 386 271 73 199 384 462 228 210 391 379 423 122 445 470 233 103 211 196 192 167 140 105 499 6 489 151 46 337 421 312 48 408 241 304 371 5 289 18 433 456 367
89 423 276 216 192 340 38 146 212 311 214 175 105 105 286 480 259 373 364 441 462 426 326 226 6 261 216 127 153 393 56 174 246 352 81 19 333 424 344 277 315 329 389 493 80 6 428 370 263 440 275 478 76 301 77 142 294 450 140 5 19 498 286 343 290 413 175 19 425 369 55 342 142 488 100 451 276 280 145 252 56 85 474 339 397 492 324 412 314 110 461 374 48 0 332 18 126 486 232 264
97 27 219 223 185 276 377 273 35 471 368 443 175 494 485 135 403 55 307 425 335 390 344 265 449 494 138 96 178 399 17 361 274 256 466 113 211 442 441 240 45 319 187 356 259 457 216 212 15 360 246 91 204 366 105 487 332 379 470 268 389 214 394 452 62 14 181 484 12 133 393 214 122 147 344 109 261 370 335 466 95 73 169 170 472 325 29 133 147 266 34 427 235 307 163 185 264 409 389 480
476 73 161 36 86 434 180 190 395 246 202 430 414 73 374 482 120 55 494 127 135 35 221 342 251 452 13 372 139 125 111 129 199 136 130 140 468 331 255 493 291 359 32 461 67 116 20 6 274 427 173 309 40 141 306 97 256 383 460 31 433 485 385 161 10 364 236 254 110 223 121 95 324 317 269 147 467 496 458 402 147 293 121 60 145 297 125 162 249 379 268 456 254 124 111 59 254 450 266 95
461 366 371 40 452 391 334 207 98 51 49 86 478 264 368 182 396 152 355 142 41 109 480 350 335 130 325 337 337 498 416 339 212 380 107 344 2 284 152 348 279 379 384 487 336 95 303 461 79 70 270 362 28 57 189 364 161 128 59 435 65 495 459 419 120 241 248 25 262 41 407 328 139 346 195 71 485 353 321 341 69 458 235 203 377 131 70 397 324 19 246 272 371 36 297 39 30 16 389 493
228 399 153 430 199 334 298 79 449 321 468 368 443 448 316 417 367 37 343 359 488 383 460 263 415 297 308 345 182 433 218 498 73 474 207 420 488 280 286 5 17 284 158 360 130 49 190 481 86 339 191 55 314 372 336 415 44 248 98 134 248 122 64 472 231 466 225 128 3 213 131 367 384 365 257 172 373 485 282 478 176 64 346 169 404 67 493 234 400 144 493 203 494 57 403 201 145 191 52 465
361 361 8 191 178 16 210 118 175 24 272 3 336 108 6 151 31 271 463 13 402 347 121 140 309 466 429 119 480 344 86 294 152 431 435 424 37 175 452 209 458 347 117 365 448 385 455 393 161 84 82 361 496 59 413 428 272 80 185 31 63 301 124 456 311 392 182 63 135 170 377 181 278 144 202 440 383 267 200 486 451 161 123 487 124 173 314 97 438 358 372 191 74 203 463 235 357 276 238 229
253 372 465 95 406 249 47 256 86 378 452 220 41 189 109 458 466 203 202 433 5 378 62 165 327 447 250 443 131 79 72 155 240 473 279 153 8 401 482 108 138 403 461 96 443 240 457 210 140 106 5 237 486 10 431 215 489 25 62 477 331 347 133 122 325 144 80 97 277 229 197 496 45 368 61 81 148 322 36 302 1 232 335 96 289 37 441 249 442 7 443 290 231 286 24 162 6 61 429 472
129 217 306 28 341 482 464 460 21 139 388 167 311 493 484 346 163 63 354 378 31 4 243 45 259 8 235 420 133 377 264 410 228 338 397 55 299 198 12 461 193 364 444 33 108 225 422 251 94 494 342 236 23 247 455 222 94 158 180 369 363 286 97 394 207 245 318 413 222 258 272 475 277 354 175 392 207 324 85 454 341 31 83 106 297 354 153 379 495 7 281 112 242 111 260 348 469 274 360 499
470 40 218 91 169 55 185 214 7 70 379 247 181 250 392 403 234 123 302 436 364 444 304 295 459 340 173 138 440 412 183 385 294 344 133 477 320 467 171 282 458 355 236 159 374 13 334 171 23 391 58 126 450 374 420 283 353 73 186 422 489 73 389 341 187 416 164 325 335 342 38 71 303 454 213 427 115 346 79 436 185 78 172 166 497 297 357 464 131 239 314 360 141 80 6 208 340 229 126 361
38 479 345 197 371 474 230 300 6 298 25 177 256 24 121 305 447 401 433 432 497 210 48 185 229 112 44 409 88 148 241 384 312 371 176 306 423 117 338 30 299 249 175 28 382 332 201 317 289 16 70 86 37 406 374 386 311 497 143 66 494 291 372 495 8 63 389 357 475 57 144 22 195 104 215 156 203 465 445 323 86 229 78 417 24 80 256 220 493 320 82 288 231 170 60 443 192 140 331 477
117 451 238 249 223 22 213 44 347 137 231 275 64 46 270 355 246 453 199 37 151 271 6 89 276 275 248 353 158 387 65 407 388 274 451 74 372 215 88 351 31 71 36 151 228 376 59 209 390 24 294 288 218 50 21 123 123 424 136 257 271 169 329 43 224 198 27 386 296 493 469 76 79 477 289 412 422 139 207 147 51 372 139 459 344 140 192 338 403 347 495 138 35 100 370 24 338 490 298 415
399 77 255 387 358 162 491 220 418 249 38 192 406 180 21 148 120 44 319 146 165 455 366 232 275 128 494 157 185 344 0 326 239 244 150 182 7 164 169 337 11 423 13 229 376 51 105 270 410 211 101 296 335 439 226 194 224 300 42 60 26 92 327 316 239 487 184 325 39 88 398 3 462 7 219 407 241 389 73 192 378 330 26 324 72 124 122 225 252 372 161 480 194 35 261 296 234 141 392 450
104 171 279 230 380 293 411 171 497 443 64 458 358 184 422 471 447 24 114 412 227 54 188 184 37 391 456 386 228 20 447 162 53 480 23 158 205 5 375 363 42 193 229 78 444 31 246 114 174 495 230 227 436 137 259 315 177 108 316 128 318 177 487 430 207 282 295 164 173 364 436 9 360 196 27 384 450 133 241 488 333 270 27 383 416 113 331 60 408 269 199 192 202 148 278 403 66 193 54 417
384 496 66 141 286 361 449 383 267 2 300 256 343 49 381 49 75 434 344 66 448 364 442 385 470 353 256 356 235 142 454 274 7 19 437 479 245 264 180 26 344 299 152 306 14 312 137 94 355 105 351 336 377 76 364 158 273 282 381 312 462 228 223 40 2 286 393 0 127 275 461 203 78 41 427 404 52 229 150 415 17 435 3 324 23 243 431 26 37 413 60 88 218 146 476 430 389 460 66 286
190 99 235 184 200 82 53 468 489 292 480 18 483 66 299 272 210 88 493 154 141 326 389 188 40 197 447 59 401 221 324 227 325 104 226 96 354 271 87 287 275 355 482 338 11 132 314 426 432 328 75 432 389 486 196 260 164 3 475 48 463 158 224 438 374 13 11 340 64 105 49 411 233 448 128 210 395 415 480 416 463 430 355 129 39 191 31 248 156 498 76 472 196 76 342 195 45 252 83 268
305 461 145 469 296 197 270 4 306 145 456 189 273 316 150 341 23 354 460 210 351 77 259 51 361 37 212 59 192 187 211 274 137 486 86 8 490 61 233 61 405 418 127 294 276 10 252 158 246 301 110 334 257 68 367 84 56 366 24 254 332 77 43 332 411 149 497 335 398 19 484 320 420 180 55 201 435 235 151 229 447 69 344 492 54 485 162 309 365 129 357 350 388 285 267 370 202 218 158 146
262 449 356 93 456 134 250 259 121 353 358 98 82 207 456 484 447 69 85 464 262 39 361 198 221 180 239 313 41 447 225 422 18 427 32 164 166 141 428 489 173 314 53 347 60 190 303 376 53 60 56 20 283 473 67 120 143 460 192 267 275 173 416 220 400 150 103 99 118 219 384 172 94 227 214 50 278 349 404 464 450 289 19 70 8 255 31 352 164 99 431 31 246 463 473 234 373 162 184 27
146 417 480 260 459 387 280 246 382 358 32 398 390 346 110 49 58 319 397 365 104 470 54 209 475 326 239 402 424 344 88 363 240 371 156 359 276 298 170 477 351 406 366 185 213 84 32 482 225 297 294 497 460 403 99 270 326 446 170 411 378 410 96 145 3 457 17 478 395 31 448 453 241 400 161 393 499 105 435 307 181 318 420 341 395 38 340 427 248 479 401 54 370 1 83 421 112 302 337 180
177 104 274 245 301 143 319 334 448 405 222 112 98 174 84 124 336 198 327 478 319 282 431 247 405 470 85 414 287 159 110 399 163 2 202 288 275 299 135 193 124 143 334 69 175 92 369 143 174 181 498 205 184 5 314 281 385 273 140 69 13 330 59 303 152 438 86 92 214 323 413 228 371 150 286 341 256 48 127 458 274 342 96 413 320 39 8 161 474 315 122 372 380 468 212 148 406 256 432 215
442 24 163 450 203 222 280 160 258 354 284 220 414 120 192 495 369 265 227 480 61 389 148 275 262 341 261 81 432 382 191 198 264 244 89 334 92 484 447 252 126 71 143 18 427 412 30 497 37 179 189 324 72 63 462 338 453 298 108 351 75 235 85 448 289 319 139 315 422 375 482 159 35 91 74 8 175 16 220 291 316 121 46 302 354 55 99 58 459 322 217 431 18 285 278 17 258 119 239 478
413 236 15 443 469 295 475 44 441 225 214 75 20 235 497 385 401 106 346 302 334 488 314 493 407 74 319 23 71 293 335 441 383 289 286 103 80 324 247 121 179 452 312 285 195 149 348 229 261 137 290 325 369 470 33 66 466 397 212 313 80 107 296 68 474 47 449 316 322 477 393 375 482 46 41 102 336 386 495 439 369 186 428 26 416 341 414 287 413 69 210 315 313 77 33 244 404 242 497 417
384 35 91 237 205 94 150 446 291 368 286 133 426 322 384 27 333 405 410 212 86 183 365 366 13 246 157 243 153 452 63 425 88 313 24 474 230 248 114 32 471 75 81 97 461 361 238 298 254 293 345 358 286 126 239 308 461 363 41 251 451 40 275 333 61 234 30 124 17 288 418 13 329 113 265 248 77 277 192 30 96 310 161 290 417 169 89 158 477 183 149 284 157 176 315 320 115 279 391 154
404 391 70 55 486 101 416 190 193 178 469 250 9 168 365 454 82 305 228 228 190 87 324 288 184 121 59 25 245 74 142 399 12 360 170 266 374 300 336 318 483 188 162 42 300 301 236 417 401 123 202 224 367 43 276 399 49 124 267 354 216 101 78 461 367 69 372 286 14 185 158 272 352 238 360 193 389 318 233 352 347 302 54 493 221 255 101 161 477 319 301 393 106 197 235 105 381 420 494 351
406 69 87 18 120 221 67 486 107 372 183 29 69 375 289 498 318 318 175 431 487 264 355 2 153 496 458 311 277 408 136 249 209 59 184 236 16 293 15 298 299 218 69 238 399 445 444 116 179 486 379 337 74 193 444 412 252 422 309 63 229 179 10 127 422 398 47 496 12 327 305 415 371 254 105 490 95 80 165 253 224 470 460 412 41 98 205 77 244 381 452 290 293 44 221 471 281 179 355 448
244 82 454 29 350 455 347 275 377 395 458 58 400 178 452 199 450 267 491 389 77 374 49 314 46 75 426 87 55 297 418 491 411 317 36 44 300 402 412 100 115 487 147 457 454 345 464 358 26 468 220 239 114 203 263 326 49 153 280 340 259 413 68 235 54 389 100 307 28 336 9 346 432 195 146 207 234 225 493 131 256 38 150 476 241 110 291 483 196 35 108 16 424 255 149 333 484 144 154 65
266 235 363 129 353 231 76 27 439 235 150 340 346 171 111 385 464 164 232 103 99 395 122 176 247 468 230 175 438 121 231 205 298 388 103 23 344 81 420 35 315 375 172 412 284 327 312 209 254 274 358 380 11 424 386 435 50 229 196 196 335 447 317 11 70 1 129 106 42 274 83 387 248 37 172 73 57 71 440 472 462 395 158 391 286 322 443 308 337 55 70 421 339 269 475 386 112 113 429 401
306 72 223 417 251 371 467 348 3 67 475 122 38 278 314 436 351 395 294 159 223 369 42 426 421 369 115 183 155 83 396 235 134 295 274 197 364 72 120 322 383 403 203 197 404 479 49 341 428 107 498 307 34 282 198 295 167 201 185 158 486 281 368 493 98 214 70 283 444 106 64 390 7 20 401 440 94 48 134 453 402 91 380 359 50 334 427 469 209 73 497 417 388 14 129 61 25 442 137 43
109 391 137 309 77 86 452 271 431 313 440 27 218 236 364 423 241 450 337 187 171 97 177 441 91 132 0 388 45 461 309 218 236 406 83 471 5 195 142 227 250 215 466 366 28 127 179 130 242 19 241 11 419 369 384 98 294 36 254 458 275 106 25 443 21 85 385 188 376 410 497 53 83 419 248 42 123 242 217 428 203 156 227 105 492 227 201 470 193 400 213 23 196 404 463 335 304 142 174 100
378 309 207 30 403 351 76 330 131 333 416 360 190 473 434 466 86 193 248 172 444 477 161 177 28 88 91 210 490 376 298 441 125 73 449 225 309 26 257 90 408 85 179 383 260 434 73 300 136 146 53 135 395 177 135 400 181 290 179 40 15 468 42 214 225 96 306 293 150 337 417 151 466 128 425 43 276 106 265 483 154 209 233 319 125 428 299 361 416 138 370 279 181 410 265 246 308 34 187 277
98 218 118 66 134 302 324 325 482 103 353 111 14 349 87 219 436 39 362 107 3 49 161 411 334 51 105 141 329 411 291 423 433 494 225 410 197 440 71 193 65 421 33 150 461 324 466 300 103 276 318 235 491 220 193 216 63 108 216 453 417 454 181 381 388 229 382 421 298 132 217 121 72 436 416 240 186 137 359 364 362 428 102 212 2 140 297 455 484 101 98 324 461 45 228 235 74 183 320 315
474 122 263 268 81 230 475 117 470 230 375 414 32 309 346 370 39 6 398 322 220 18 200 311 145 488 161 84 115 116 429 51 456 92 460 299 359 120 342 423 227 231 114 65 314 87 484 122 5 57 56 406 187 48 375 80 166 497 195 80 109 168 468 13 47 428 490 365 333 97 265 205 396 495 245 135 389 277 238 382 428 364 76 487 6 498 189 128 287 490 58 226 325 301 415 56 479 362 268 249
388 280 190 79 157 89 437 20 86 197 474 3 214 113 40 363 311 298 434 318 497 248 63 29 27 461 291 168 462 302 105 433 194 259 50 480 137 455 275 179 306 293 26 384 240 354 410 358 268 97 117 168 197 66 16 322 496 328 65 28 347 486 286 426 307 77 162 27 300 438 209 124 364 14 291 75 356 293 429 111 12 113 73 420 456 25 428 80 369 474 53 456 209 207 253 362 297 455 324 328
413 479 56 20 470 56 397 303 164 57 495 263 400 422 313 305 494 362 390 252 274 64 312 178 235 499 320 79 306 380 15 450 443 209 257 10 256 446 67 111 240 341 241 21 331 106 268 351 67 134 150 327 442 271 211 383 347 69 87 383 409 81 44 329 332 407 145 370 384 29 355 202 68 221 229 304 343 129 126 267 371 458 215 337 217 338 221 484 282 268 449 341 68 491 228 421 70 40 224 339
83 481 413 163 370 165 22 3 290 110 439 233 52 272 253 458 235 167 416 31 308 156 25 89 134 296 52 488 278 11 78 121 101 331 61 97 87 111 495 9 406 314 49 256 25 325 396 318 20 236 152 193 1 30 114 211 11 231 89 25 103 147 427 183 213 55 227 171 498 460 206 391 353 420 253 48 64 343 291 159 120 348 48 461 68 77 421 273 203 311 232 386 111 123 412 357 10 93 9 355
434 360 477 190 122 439 211 316 108 452 367 400 145 460 439 96 19 286 380 262 127 47 493 430 177 109 164 405 198 348 144 257 136 160 176 96 321 7 342 281 381 408 18 181 74 432 82 216 207 152 382 81 346 348 253 129 32 67 300 430 144 323 437 398 62 285 57 222 386 287 289 478 326 227 433 231 67 173 469 418 384 209 63 238 418 376 126 489 392 232 247 380 233 293 151 280 454 283 367 104
153 108 357 8 269 171 416 169 27 431 463 455 255 324 65 58 160 285 366 409 86 282 238 268 385 285 429 303 217 93 394 255 84 9 376 452 19 401 61 170 475 325 450 126 52 351 433 23 258 60 0 418 4 386 85 138 424 430 398 423 180 427 250 90 460 126 320 135 222 100 78 121 292 189 355 95 237 187 69 433 332 494 416 48 390 359 56 77 8 449 398 481 314 110 207 271 347 184 262 288
134 361 103 422 112 69 316 392 304 480 356 97 294 290 256 294 400 179 29 244 164 102 341 453 387 296 24 203 419 447 232 136 184 374 222 224 44 322 48 61 79 54 339 391 425 201 188 88 318 46 285 171 273 205 182 83 299 247 161 94 97 362 235 356 91 255 6 262 191 110 39 320 318 66 97 375 433 391 120 467 56 120 19 443 324 494 126 408 353 240 186 251 284 390 43 444 349 372 422 51
25 332 174 402 439 304 468 303 444 320 300 197 221 261 115 300 339 34 121 6 377 261 227 396 341 379 312 246 221 323 413 142 155 21 81 386 14 473 434 114 81 416 235 315 34 476 119 439 383 287 75 52 436 482 14 445 406 106 395 203 366 376 275 313 430 182 244 45 490 206 220 108 487 290 240 379 477 175 101 184 446 11 149 260 415 491 133 428 415 229 36 420 8 219 124 261 411 27 240 478
368 491 292 318 40 227 399 270 357 36 216 445 460 164 170 229 18 43 192 303 441 499 215 279 87 211 326 380 287 302 424 304 468 288 350 267 443 283 84 377 349 180 226 334 259 258 143 273 152 385 254 348 424 480 340 333 402 440 141 180 288 283 256 492 215 94 129 450 69 63 63 62 151 79 392 163 453 148 147 249 183 123 483 318 283 10 406 122 226 77 157 245 232 331 109 246 114 255 58 359
486 238 69 239 497 440 50 21 24 179 405 217 435 132 187 496 19 30 35 358 51 122 458 375 363 83 430 226 307 427 200 185 43 184 345 273 479 240 293 27 422 401 98 430 106 145 430 277 21 324 238 114 133 221 413 417 438 468 494 417 289 403 83 58 456 130 18 326 276 117 168 34 314 472 367 112 360 215 213 198 15 379 351 197 138 334 130 186 312 459 482 129 302 354 489 52 320 204 421 132
192 286 498 251 209 276 171 53 161 486 465 349 469 443 373 396 104 260 436 1 479 85 12 166 260 211 413 69 67 423 372 256 487 419 296 328 245 110 392 48 19 452 272 245 255 358 415 49 454 2 145 36 404 73 44 143 432 298 29 108 437 317 23 24 89 443 426 368 243 361 182 319 251 27 200 200 149 424 171 46 455 395 156 494 234 210 97 28 419 243 451 165 190 173 159 294 40 71 348 271
53 182 354 487 497 465 171 223 83 349 496 289 280 493 355 232 174 158 427 133 305 80 193 161 282 365 480 207 63 257 36 343 57 475 223 93 111 307 141 324 70 180 306 44 288 58 314 357 410 297 240 410 61 225 447 462 480 45 140 393 131 87 320 328 265 283 227 235 57 485 66 161 319 425 208 243 296 287 219 429 234 468 8 231 385 449 434 306 172 385 69 229 214 252 308 40 327 186 312 475
445 210 349 242 466 234 45 310 253 128 213 7 121 248 124 0 199 225 213 458 1 339 392 409 208 346 60 167 256 207 47 405 495 107 298 325 44 293 257 87 332 300 345 25 412 114 278 277 103 351 313 389 75 151 17 268 250 373 190 487 49 209 138 288 19 317 235 440 447 454 70 210 194 64 309 174 231 200 90 0 392 386 443 400 288 349 255 138 38 419 451 323 57 95 485 120 426 176 286 27
436 389 59 293 256 256 162 487 418 84 485 366 407 289 386 101 365 484 124 170 154 360 120 318 250 36 403 470 29 32 278 46 149 328 134 409 318 141 118 98 222 447 202 25 356 293 370 420 486 104 327 152 305 274 405 72 471 417 148 216 226 375 129 226 299 112 206 253 19 194 256 217 499 98 221 305 416 179 277 257 276 118 7 38 351 465 320 426 397 219 57 146 359 483 498 368 58 231 8 371
451 71 155 419 350 373 4 183 325 184 165 440 167 259 476 442 243 74 439 45 249 185 98 94 145 123 3 173 234 444 80 324 276 317 151 48 86 205 20 321 249 89 209 49 228 287 109 48 489 321 273 189 219 242 302 147 459 150 123 440 313 324 68 143 17 214 278 33 143 13 322 285 106 48 87 431 28 210 483 91 106 292 107 421 278 239 42 359 188 304 41 396 480 312 106 416 430 36 288 49
311 440 357 100 23 300 196 341 21 275 41 406 459 321 498 77 62 279 467 422 109 428 286 265 398 125 17 122 183 495 207 477 422 19 282 445 161 91 488 137 449 489 175 105 466 280 297 456 418 97 90 46 459 161 132 352 87 327 27 120 434 466 376 231 181 288 111 311 114 305 315 451 425 298 240 325 171 266 48 356 47 292 88 138 468 383 357 226 281 142 69 151 363 179 364 326 201 384 107 169
341 452 63 60 57 152 353 192 312 141 260 109 177 254 436 422 92 46 303 298 327 15 141 340 77 313 106 49 380 436 218 418 307 164 337 84 157 8 139 455 446 350 470 186 129 492 443 113 68 47 78 18 404 321 203 301 84 303 344 460 495 160 440 314 350 327 113 28 97 267 65 425 322 149 157 193 253 197 304 100 97 209 91 430 498 302 316 434 14 4 430 334 254 50 254 370 157 76 393 398
443 253 179 210 333 46 449 167 245 133 78 51 146 67 243 394 241 329 440 315 132 363 179 290 492 494 443 260 26 158 80 349 311 285 425 345 171 278 58 145 200 429 413 157 241 65 90 327 151 32 448 189 87 288 98 68 460 59 314 132 304 445 306 183 236 165 282 165 115 317 191 254 496 133 340 165 266 360 26 404 313 367 293 493 168 165 127 247 336 62 435 481 338 332 203 341 286 49 498 186
7 45 392 354 418 176 112 29 69 470 117 236 210 470 245 32 484 455 358 306 5 9 367 447 26 346 37 139 317 349 27 142 45 101 468 71 104 75 435 492 239 209 255 487 374 479 148 280 296 291 81 387 22 402 18 447 118 190 140 59 372 105 373 16 55 260 398 392 166 125 189 57 465 123 482 173 107 353 400 342 297 91 142 187 161 274 228 147 426 64 84 77 307 44 199 420 229 86 449 273
113 449 44 13 405 473 183 211 438 373 414 141 94 236 137 433 322 137 252 113 387 248 473 177 88 157 248 407 326 282 98 204 70 109 421 252 125 454 462 387 350 13 460 157 157 16 16 198 294 438 42 110 187 35 68 10 363 420 335 343 122 288 429 91 492 487 377 254 349 83 52 478 399 199 185 375 24 65 55 427 329 10 400 249 158 145 235 412 494 292 311 45 252 237 176 35 94 24 438 122
430 213 356 285 287 204 380 69 354 170 354 216 379 458 2 414 415 22 173 340 152 276 250 184 114 221 491 279 398 369 391 203 123 338 207 448 87 281 261 326 38 327 388 132 352 187 212 200 21 171 275 229 277 230 120 357 327 26 387 82 296 129 315 208 149 31 481 91 83 243 296 470 52 461 424 160 340 222 138 388 149 467 301 395 11 439 397 330 260 182 141 242 8 250 181 71 298 421 480 329
396 365 398 434 278 222 361 104 222 282 207 57 169 488 254 315 203 157 425 411 195 80 126 39 71 363 23 295 0 43 36 167 26 336 79 123 10 3 308 146 75 145 166 52 320 217 209 386 404 163 428 74 77 395 241 166 17 199 188 386 357 94 397 457 395 477 493 459 298 158 275 13 103 430 22 0 29 185 105 335 91 137 398 180 367 247 314 379 262 101 359 224 353 27 122 201 292 113 211 372
186 54 49 24 127 98 291 357 301 493 47 271 430 462 152 162 103 224 215 41 456 225 91 232 163 106 305 182 36 363 281 384 481 207 265 386 397 113 459 203 40 412 299 427 324 61 207 367 319 168 219 402 119 471 479 412 132 433 36 202 301 416 374 2 456 75 293 328 173 404 363 308 247 194 410 400 45 440 430 80 283 40 345 215 316 479 319 29 422 122 441 378 348 340 362 47 88 142 472 413
286 213 240 218 395 289 353 427 61 333 139 489 186 311 28 143 379 438 261 135 106 177 311 176 388 415 209 330 120 197 419 74 55 473 143 216 458 171 342 254 332 394 488 91 427 218 366 35 388 343 84 349 21 205 53 405 122 478 337 399 96 461 237 417 323 317 17 156 253 308 439 205 315 127 259 187 0 311 75 139 354 51 149 219 325 99 221 76 68 297 498 495 265 497 116 26 392 173 330 23
288 475 190 311 437 303 123 192 456 57 410 36 196 494 166 105 447 395 324 260 53 287 398 377 270 127 123 359 177 244 449 274 114 294 302 78 323 435 357 42 132 251 137 316 68 225 393 493 400 183 181 400 384 106 390 377 111 340 274 362 325 499 172 268 107 267 178 469 336 411 254 97 13 371 87 19 259 436 50 485 61 455 412 33 53 81 453 464 444 114 19 12 176 499 349 417 322 39 172 225
245 320 182 242 10 392 267 64 12 214 322 89 481 260 254 347 114 267 26 444 285 169 132 454 352 45 268 68 46 62 377 444 496 159 461 222 403 430 92 417 466 165 313 442 27 454 425 27 402 140 214 65 23 109 286 174 378 487 206 273 187 466 355 378 4 379 245 205 179 202 168 96 282 31 195 313 406 339 421 119 468 357 407 284 46 405 455 157 261 49 0 283 155 48 457 127 222 341 476 432
64 352 396 280 127 50 130 430 305 446 149 135 291 185 497 142 304 32 340 424 76 311 316 322 277 142 189 7 366 125 168 247 193 23 274 105 32 155 143 429 318 464 486 57 251 288 245 194 169 79 292 36 457 197 274 100 466 83 441 374 449 361 426 410 192 179 396 452 461 42 108 9 489 348 309 121 196 497 337 455 463 27 11 143 320 369 426 459 452 412 12 268 281 422 208 160 170 172 150 435
399 180 336 438 356 244 136 18 296 420 240 481 289 80 394 1 52 493 148 448 3 315 457 78 254 88 252 376 43 277 134 32 329 31 457 87 222 383 198 159 486 453 396 192 314 479 364 361 415 217 234 38 439 338 454 19 219 8 271 276 201 189 416 280 281 267 387 444 204 163 129 23 427 495 287 348 429 51 235 469 393 233 228 43 176 365 492 297 131 154 438 415 336 358 452 476 349 249 252 282
32 24 167 50 258 114 401 169 496 37 458 384 297 252 487 142 402 16 366 491 442 328 401 419 213 178 179 115 323 244 6 418 139 93 367 133 38 303 160 323 171 65 303 38 102 236 89 460 95 474 127 263 309 201 327 191 391 53 255 105 474 141 241 420 190 470 480 102 127 381 157 89 347 295 325 284 382 290 283 144 271 489 52 341 248 399 186 291 118 379 41 275 320 354 438 494 266 128 201 186
204 121 339 350 152 31 181 44 123 171 498 273 335 55 279 20 8 177 331 411 53 276 263 113 273 479 81 446 194 88 256 263 144 183 63 421 460 193 291 393 137 277 146 42 21 291 358 7 68 171 124 226 73 190 59 477 161 190 226 474 382 118 188 131 452 184 337 275 130 187 151 196 497 165 489 193 455 9 439 105 291 252 49 442 55 402 108 69 408 421 265 456 156 3 327 487 499 139 352 377
395 225 105 64 343 155 216 136 235 325 57 28 412 127 271 342 3 122 428 401 239 86 86 314 90 286 193 196 8 375 347 267 453 45 446 381 116 308 56 165 424 107 317 436 474 454 28 480 148 238 378 39 200 253 273 175 19 74 149 498 252 153 468 53 307 382 350 8 181 328 294 135 372 372 430 225 64 237 413 218 125 397 411 413 205 249 351 496 318 415 78 381 329 458 414 358 134 297 151 398
203 356 60 350 19 169 396 207 246 483 102 475 219 376 333 323 365 160 178 200 273 499 190 194 469 229 396 436 268 467 329 417 239 496 63 186 43 11 246 442 488 63 298 220 221 157 438 179 164 211 326 326 353 362 238 356 381 172 377 145 185 250 359 312 418 442 489 170 152 46 25 375 497 388 94 286 245 72 103 474 499 298 279 47 292 298 12 236 353 124 424 105 94 264 264 4 328 40 94 497
367 111 202 242 480 363 1 343 481 299 332 8 164 101 467 133 202 160 355 283 412 51 262 97 298 401 347 263 100 337 71 91 206 133 149 227 20 476 446 117 414 263 22 130 298 93 490 70 482 49 301 133 99 10 28 432 70 57 280 316 77 471 452 313 474 78 483 358 352 184 479 306 361 118 289 9 332 286 3 436 447 387 403 118 288 234 322 244 358 466 14 285 222 98 475 473 198 71 332 246
256 255 475 443 238 151 393 261 252 338 144 158 217 110 32 142 143 241 322 29 465 176 196 496 498 342 300 31 250 179 470 346 455 39 496 68 236 184 199 24 59 84 356 431 232 280 460 109 46 96 323 109 133 316 273 156 418 195 187 358 135 409 136 164 231 269 312 80 113 81 374 415 432 481 402 366 467 474 20 357 339 347 334 357 407 462 481 232 257 337 206 115 114 314 140 159 31 443 410 194
219 253 101 236 437 335 349 302 32 87 8 296 19 190 236 71 124 72 482 491 219 336 237 398 77 173 196 72 190 423 453 119 462 358 120 205 296 51 203 236 264 19 287 319 146 229 203 223 269 361 362 278 37 333 394 237 321 205 252 354 443 466 96 274 476 280 392 463 475 349 419 205 342 2 102 88 111 489 278 464 312 487 85 400 403 174 472 402 419 490 10 89 191 474 171 28 312 260 176 358
166 169 167 319 357 332 16 364 414 365 151 209 165 67 424 293 397 142 187 210 131 76 229 284 255 471 430 334 399 393 365 481 104 0 189 88 138 497 213 418 248 23 349 194 204 114 213 333 158 272 313 476 75 391 461 32 228 403 265 4 414 83 235 403 321 262 313 197 334 459 271 195 202 6 353 400 118 117 230 381 283 48 480 130 13 390 153 305 375 322 230 401 348 340 406 130 351 484 144 61
333 87 16 109 271 417 409 3 247 350 245 30 117 441 355 232 316 166 68 281 256 290 56 473 104 46 184 28 41 20 356 7 281 392 20 191 180 264 449 162 264 365 489 466 289 161 324 228 152 408 313 377 399 191 355 85 241 375 206 260 299 307 347 492 466 409 46 342 182 18 410 328 311 498 135 180 449 411 3 229 138 402 337 182 137 172 132 66 486 292 237 325 217 84 490 18 239 474 469 328
375 360 382 153 343 339 23 341 176 448 275 141 103 276 374 78 423 281 265 293 444 284 102 265 470 432 27 212 182 88 24 437 220 358 7 349 368 103 123 30 91 194 50 414 485 61 334 43 414 159 2 294 209 105 200 446 489 493 289 419 18 369 433 118 268 445 387 251 342 319 210 458 149 473 178 82 490 10 6 311 253 24 34 164 350 38 390 112 198 242 217 464 412 158 19 208 110 421 179 365
135 233 409 147 387 272 163 91 361 438 148 32 114 470 2 119 11 440 393 135 172 456 116 313 112 242 231 288 481 484 401 59 198 26 164 19 175 251 86 128 380 279 192 339 261 59 128 415 436 499 205 263 166 390 227 126 56 241 316 111 386 49 88 96 476 397 487 458 40 355 116 178 471 249 73 12 73 392 190 34 135 71 267 372 147 499 357 318 126 96 350 278 217 182 370 393 194 89 242 112
479 335 372 383 162 165 16 389 469 322 275 474 288 288 94 11 488 433 54 253 42 443 411 167 154 466 286 487 142 459 71 486 34 47 141 15 458 359 477 91 203 306 339 46 90 304 346 72 337 487 420 26 480 147 120 63 59 48 60 218 479 26 86 326 448 221 11 439 385 327 399 305 419 155 290 204 396 10 161 375 284 50 444 252 382 472 341 318 8 148 289 322 426 340 388 333 153 383 125 276
410 322 491 384 443 405 258 21 458 359 482 302 232 123 26 395 159 82 341 211 322 237 215 432 188 114 354 367 52 437 109 15 204 289 139 225 89 252 8 189 241 77 213 349 355 98 91 168 81 146 471 210 231 384 181 357 294 438 487 399 35 209 279 238 206 461 83 437 400 230 74 391 59 444 388 392 91 470 377 232 426 85 359 395 350 279 411 249 442 36 261 124 442 130 158 73 469 279 489 108
101 193 155 251 493 296 154 495 319 332 1 343 478 12 187 56 214 449 145 312 186 222 353 230 404 71 359 92 344 497 149 232 192 349 238 132 379 375 305 17 436 445 11 259 284 442 22 431 281 123 154 161 205 475 148 237 26 0 154 162 463 450 25 259 64 436 313 416 254 228 224 428 409 260 45 142 32 279 136 45 196 245 402 272 483 188 408 476 496 146 257 133 89 431 215 99 190 275 437 28
267 58 276 149 23 199 12 93 138 365 310 423 4 484 446 157 492 103 151 134 460 134 424 119 456 166 375 297 201 426 462 70 438 382 476 272 83 434 280 226 484 402 230 209 66 346 54 477 183 358 184 374 370 38 49 74 98 470 41 128 196 434 409 378 26 126 456 141 233 468 369 273 44 243 372 394 358 220 406 110 51 163 344 443 317 294 101 361 55 21 363 462 192 367 177 172 386 150 188 320
193 33 355 423 319 427 70 256 489 183 324 439 373 276 413 46 401 434 282 86 33 328 112 143 407 497 387 216 441 471 205 180 50 77 303 29 34 432 312 147 188 73 331 251 138 458 63 74 161 16 200 44 59 366 60 158 172 139 435 241 462 127 241 28 233 376 245 498 147 266 358 492 333 237 327 455 168 484 144 373 176 113 23 135 345 351 287 241 4 1 161 90 263 207 186 462 427 479 191 2
437 283 152 213 298 298 58 98 353 462 140 462 432 374 488 230 384 10 48 200 422 158 380 148 106 145 115 276 426 455 67 96 346 484 477 270 329 42 42 186 36 127 390 438 106 170 303 336 322 151 381 40 193 23 432 194 85 9 499 53 423 328 472 261 245 174 221 238 77 290 474 221 344 221 256 344 72 316 6 180 382 339 61 415 136 223 135 462 492 25 294 315 78 346 242 464 168 14 110 27
47 330 331 371 308 241 413 12 188 136 3 173 406 123 138 58 125 253 471 335 19 449 269 81 148 493 422 443 206 348 179 468 344 66 259 247 439 375 376 233 325 53 333 422 385 156 245 269 5 47 185 153 29 159 290 120 99 262 272 133 39 232 439 5 198 382 254 440 90 111 37 268 343 15 121 440 337 94 190 267 102 147 209 174 35 248 477 195 10 56 116 477 347 331 104 410 455 35 299 184
162 354 281 73 25 208 172 184 116 450 493 144 225 70 36 53 279 363 56 480 182 441 483 136 68 479 156 149 152 290 424 271 489 472 263 145 385 339 390 403 37 166 184 167 27 192 400 254 284 229 227 198 441 42 49 386 322 233 473 64 12 327 24 304 458 203 451 266 390 405 178 152 32 159 434 472 425 170 294 325 340 52 167 172 139 372 273 79 439 270 215 230 53 162 54 354 55 234 319 117
418 219 495 165 104 291 314 12 398 106 399 334 139 398 61 61 334 6 468 319 306 499 19 260 454 75 311 406 88 289 427 38 363 55 365 482 248 302 220 253 392 483 457 63 56 143 48 162 122 262 230 286 267 42 30 388 136 382 13 483 7 69 428 48 298 145 254 307 457 186 63 403 321 442 40 214 495 460 144 0 442 237 360 21 101 189 458 252 460 22 169 228 44 248 161 265 162 225 9 433
290 437 479 485 435 499 206 231 280 413 181 89 490 255 328 443 234 217 216 469 397 10 229 184 383 176 383 56 484 162 335 123 291 149 242 225 13 61 11 261 292 54 41 87 94 416 55 269 27 494 458 108 400 478 66 479 499 56 340 300 101 166 26 43 22 92 97 63 130 279 485 237 275 411 170 394 269 445 51 135 24 186 257 284 266 227 463 107 370 367 434 264 410 420 301 329 66 44 286 408
459 155 14 370 89 363 141 480 442 32 111 452 15 458 367 497 313 122 156 45 277 236 12 250 404 336 31 46 281 51 186 480 338 494 409 158 446 127 347 379 270 111 260 473 80 58 309 115 364 28 447 320 386 491 365 288 438 312 60 357 23 129 439 128 290 265 266 242 363 439 190 171 127 288 315 137 224 75 214 480 330 281 411 220 391 7 486 492 468 263 337 337 163 56 366 215 460 455 441 405
195 257 474 286 242 271 4 72 416 374 386 177 205 409 422 139 333 17 279 145 69 473 244 192 156 99 97 298 67 439 137 401 166 327 227 298 254 159 478 98 30 480 488 253 153 428 227 188 102 190 129 78 88 259 184 184 495 434 77 336 303 478 428 362 83 340 83 113 278 361 20 336 420 223 253 69 465 5 134 416 434 352 397 43 7 450 386 257 148 199 193 126 10 307 17 50 197 289 165 307
381 145 242 206 132 411 227 419 496 191 447 123 386 477 137 450 29 20 164 419 25 451 160 76 31 370 339 405 388 315 135 373 99 333 97 290 475 109 403 198 473 360 206 395 147 392 453 484 197 167 164 492 20 420 378 313 218 42 322 64 110 421 97 419 242 133 491 24 89 113 272 347 283 62 265 116 214 68 308 297 179 358 446 405 340 472 28 40 107 480 383 442 103 392 483 485 455 273 117 211
387 108 157 0 149 468 415 6 450 286 346 449 51 404 320 329 210 57 140 257 16 328 225 475 431 302 175 111 374 395 91 278 220 408 420 39 349 210 439 22 87 249 119 142 402 367 450 209 272 91 229 286 313 433 9 22 73 412 445 51 161 90 304 285 414 130 334 414 69 47 17 483 26 326 106 420 170 191 122 408 54 349 49 319 479 447 59 336 78 396 185 415 329 368 218 496 157 230 285 463
16 50 176 436 456 329 55 137 490 116 373 7 42 17 258 13 253 263 414 490 194 315 233 76 261 435 407 197 494 201 12 132 136 242 362 15 242 34 250 107 384 188 154 303 486 144 455 420 324 148 65 473 381 85 208 61 73 161 183 102 295 439 70 169 290 383 234 339 308 201 410 88 311 168 267 389 457 404 380 345 41 159 187 30 443 243 248 93 463 354 343 59 111 204 296 389 264 125 356 275
113 461 478 317 452 129 269 106 450 336 294 138 452 294 168 12 311 415 380 359 436 390 471 108 203 269 57 21 313 427 94 431 411 369 67 267 351 198 112 126 3 101 4 211 78 242 421 308 5 363 144 291 230 411 357 139 165 312 410 226 58 204 302 226 417 389 385 205 119 370 72 46 406 51 420 316 424 103 461 103 59 82 104 14 2 104 362 274 306 160 243 300 496 95 252 61 335 441 15 269
171 240 364 316 6 130 497 45 477 248 215 301 2 387 305 157 381 409 492 130 131 221 122 391 459 38 274 297 170 490 432 41 312 50 247 73 246 20 4 104 296 421 206 14 54 47 82 287 136 106 374 371 313 338 41 220 248 311 365 92 192 198 436 425 243 384 389 43 383 187 418 352 40 180 190 371 416 426 455 484 11 166 151 257 329 440 23 149 38 381 132 436 393 280 256 409 232 149 412 178
213 438 375 299 115 375 394 100 287 35 338 241 420 23 3 340 354 465 56 482 351 483 13 103 81 294 425 92 106 147 269 447 333 396 6 275 114 125 150 55 45 83 140 328 83 233 82 41 262 43 151 401 290 108 427 337 216 203 272 462 220 445 132 158 428 339 86 26 461 132 233 56 133 469 449 407 277 143 286 228 149 113 230 432 409 333 349 397 119 451 415 209 275 73 337 65 464 441 269 177
114 416 480 70 93 185 489 335 68 147 413 279 255 104 185 194 381 443 278 399 18 294 11 65 247 379 177 136 312 207 415 80 346 225 155 376 379 247 102 222 130 410 421 248 312 42 404 274 493 135 273 215 71 67 63 47 289 446 93 303 225 274 33 444 9 497 256 45 366 91 129 64 341 202 47 55 198 199 162 66 398 85 315 171 177 493 488 81 193 402 219 384 19 201 318 398 234 40 80 53
441 181 29 172 5 264 319 495 295 379 316 58 240 446 391 472 415 459 191 183 16 480 476 193 120 317 394 228 201 280 103 145 430 35 353 291 45 460 206 190 380 150 174 186 477 74 127 217 281 35 106 147 126 118 315 325 385 409 193 413 193 444 53 302 493 129 451 283 50 398 119 62 45 365 74 146 311 497 184 36 373 319 427 202 448 453 81 366 280 295 110 46 8 9 12 346 321 197 73 228
68 175 202 330 232 422 445 65 247 409 372 142 86 485 134 455 190 202 337 107 382 218 119 247 167 18 368 310 250 366 81 446 179 134 69 283 218 197 41 169 398 422 9 436 494 409 330 150 345 282 2 464 369 269 443 416 58 70 106 18 313 221 417 342 1 51 498 326 69 238 207 303 232 185 246 63 324 486 48 125 431 170 48 2 132 367 386 453 240 261 98 0 370 391 161 311 271 396 464 439
370 152 133 297 408 491 497 159 333 326 424 414 254 285 421 60 96 202 94 436 194 131 199 298 211 86 470 383 219 282 116 329 358 158 391 345 217 457 344 273 30 68 288 171 123 83 498 45 410 27 203 382 110 234 443 326 95 499 66 385 352 330 282 286 74 246 488 496 223 339 114 417 62 21 464 188 421 194 391 82 417 388 147 34 491 450 421 99 216 48 439 210 368 462 125 464 317 225 188 231
257 2 395 282 492 323 248 316 188 91 386 301 38 20 176 398 98 174 43 434 274 180 436 289 207 129 170 202 400 414 354 341 175 170 242 74 381 137 318 349 363 450 426 174 37 154 402 117 460 211 276 181 156 167 475 428 499 437 5 441 296 276 273 482 254 216 449 489 301 87 66 131 425 92 438 129 451 5 153 276 39 405 401 308 5 478 126 269 180 53 63 234 109 119 388 309 408 395 355 75
