40 40
199 258 142 241 395 379 469 175 203 37 361 278 202 90 389 195 439 215 191 297 211 446 198 226 494 112 478 53 356 362 176 434 66 164 153 426 402 498 106 365
175 374 277 316 106 259 469 3 84 328 133 191 61 231 469 376 25 386 239 73 343 179 127 165 451 283 457 92 416 12 298 359 194 338 492 93 120 383 156 275
418 70 152 281 483 177 73 174 481 284 364 297 49 119 242 380 217 41 56 234 172 462 302 410 350 100 244 487 198 279 295 455 464 98 369 227 23 390 177 386
90 459 244 118 370 74 351 115 286 252 374 101 213 110 240 249 189 158 378 263 443 135 247 181 367 219 340 8 372 138 173 1 255 396 214 328 83 103 193 52
115 378 165 164 494 43 130 260 474 394 494 327 158 246 64 145 106 18 186 372 20 397 237 286 217 458 191 18 223 356 190 273 494 302 359 364 63 1 445 338
259 133 199 445 393 20 332 81 125 166 387 280 309 476 53 189 245 326 421 177 472 344 86 263 204 37 326 451 462 172 205 199 155 156 423 67 383 226 59 482
340 253 455 10 85 222 400 402 269 184 65 187 248 134 159 466 173 127 245 214 231 135 302 399 123 52 359 275 453 287 66 387 266 463 266 104 375 88 184 422
144 27 242 68 265 220 167 241 99 429 479 169 3 93 235 460 466 355 68 38 19 54 41 423 169 244 94 40 496 432 35 463 74 285 57 372 369 479 358 30
119 113 418 256 482 34 332 261 29 453 14 270 70 366 147 98 327 457 428 433 336 156 331 492 453 231 254 78 86 192 285 154 483 252 445 142 141 482 211 11
284 424 319 291 378 293 89 303 340 413 198 28 283 459 185 258 150 310 76 146 193 394 178 108 300 418 425 281 407 238 223 193 81 416 472 334 251 316 92 71
113 492 388 142 112 30 86 164 355 150 300 496 339 439 59 353 203 125 417 19 291 8 125 153 346 447 474 173 257 48 466 196 202 468 89 255 97 458 404 316
439 33 438 49 350 406 80 64 215 257 165 235 73 308 80 38 338 393 468 395 137 53 91 159 375 287 219 79 147 17 307 360 94 55 321 404 439 338 339 228
277 237 167 320 204 159 310 324 266 7 195 12 258 71 223 387 7 445 264 240 121 289 382 123 112 214 49 413 142 12 455 389 491 108 56 162 454 198 195 166
294 24 400 442 231 26 71 405 185 402 78 450 238 493 488 154 120 271 477 382 76 415 314 393 118 444 488 14 201 494 324 311 387 183 444 203 312 113 433 111
351 193 354 423 475 299 458 246 118 217 99 322 474 230 140 487 463 87 50 26 55 421 492 463 135 242 322 131 51 361 202 437 179 259 186 123 98 176 74 159
444 387 166 27 316 389 428 187 293 381 41 146 102 376 488 100 210 451 444 426 258 115 226 226 225 245 125 145 20 358 287 426 212 24 6 32 18 187 326 430
80 151 430 358 102 305 394 215 384 209 199 353 30 242 177 466 362 152 381 358 487 96 151 177 139 3 102 180 97 383 369 332 53 243 3 443 472 127 179 132
377 414 407 112 284 3 115 113 220 433 96 23 386 23 314 74 162 93 345 178 420 262 202 285 181 326 212 432 434 363 460 141 104 360 106 319 338 110 204 288
231 483 360 190 492 349 416 123 253 443 110 396 166 268 472 473 260 245 343 330 232 238 346 95 166 374 281 171 447 489 202 377 354 386 293 25 185 191 373 299
250 44 342 390 60 192 363 484 156 488 459 309 398 108 6 101 80 42 58 142 391 69 108 429 287 349 114 128 139 324 140 145 66 489 189 434 86 459 281 84
316 303 110 359 87 459 253 112 26 107 307 196 366 403 88 11 166 32 137 139 266 360 153 104 378 143 466 450 40 392 28 91 218 127 415 258 482 316 321 406
307 298 301 306 335 45 45 243 442 53 234 308 45 254 351 487 360 327 60 458 143 106 307 473 497 354 104 361 256 216 125 429 284 240 9 18 62 321 99 448
257 196 21 375 497 499 196 288 385 26 411 439 253 482 100 277 439 81 23 218 173 153 246 392 208 121 56 113 418 128 391 132 363 25 406 499 199 105 427 337
417 392 407 159 434 462 199 421 67 363 148 70 61 119 289 17 140 249 265 160 125 241 248 357 322 335 284 423 309 41 54 119 169 412 70 217 15 286 176 2
110 283 292 281 181 461 198 136 200 275 245 364 279 101 229 200 113 469 35 171 465 126 68 332 273 376 213 70 234 316 314 234 207 130 107 217 277 112 385 86
241 309 208 219 143 93 143 262 439 71 297 329 355 251 13 360 470 28 418 365 394 86 308 92 413 428 85 130 215 309 314 385 302 364 241 265 100 396 249 170
80 353 362 440 429 85 458 482 67 329 132 452 4 485 83 385 401 217 472 294 154 362 211 57 483 323 121 282 393 232 214 334 169 414 276 409 71 394 341 57
204 361 181 223 59 213 312 202 458 304 107 475 437 17 433 218 19 375 303 464 190 61 289 90 21 412 75 319 129 371 289 153 332 201 177 15 210 262 188 246
168 60 478 322 102 236 140 406 174 322 479 187 101 496 101 75 330 477 256 388 145 133 223 45 68 189 123 208 268 24 477 494 230 254 96 388 413 138 303 299
467 426 495 470 354 76 323 259 195 497 16 309 231 419 3 145 276 6 429 144 456 128 485 55 308 55 163 271 118 257 452 276 482 169 311 161 249 396 9 211
287 338 157 244 69 58 188 295 420 429 30 187 23 191 394 7 421 20 342 47 332 328 396 418 357 233 499 127 419 204 231 116 237 133 401 365 170 154 154 185
464 225 189 123 252 105 481 462 188 197 190 398 381 199 343 457 26 236 448 264 158 418 289 360 475 331 194 217 80 281 330 114 28 92 326 351 340 429 60 376
51 387 116 249 270 66 431 366 415 142 47 253 98 333 222 71 229 64 408 471 209 170 356 118 483 211 25 328 222 38 84 287 63 91 40 224 419 237 197 275
336 225 249 51 291 155 339 497 343 394 299 0 397 3 154 337 416 333 212 371 76 431 337 113 77 463 394 297 34 81 216 471 168 493 176 90 207 216 118 128
239 394 101 494 247 8 224 240 184 259 160 273 22 108 465 341 417 71 86 201 168 391 492 261 26 67 218 307 405 381 2 339 428 444 225 111 472 359 492 21
413 16 234 420 82 287 213 179 11 136 12 437 138 226 385 414 447 240 298 237 86 287 330 107 290 54 286 169 91 407 338 413 54 434 339 170 189 494 458 111
134 452 477 136 265 108 170 100 271 81 408 352 293 246 298 443 438 432 76 437 253 12 221 426 489 82 458 23 397 117 494 8 174 153 2 454 227 278 141 74
403 125 113 277 127 252 295 316 94 115 78 435 7 207 181 455 200 228 284 42 1 19 266 84 479 355 356 183 122 496 87 417 148 254 403 441 455 121 438 87
37 452 127 20 441 270 365 457 159 403 82 115 19 433 325 106 55 370 445 195 389 422 412 84 389 413 256 483 311 420 242 324 432 136 342 48 126 344 415 110
247 76 499 252 111 43 0 79 292 303 477 55 423 353 98 407 437 380 179 91 329 315 178 215 96 369 163 362 124 97 18 141 162 353 176 440 481 176 345 454
288 489 208 122 224 360 32 292 273 385 257 97 291 488 88 185 471 333 212 400 183 478 49 218 321 398 483 224 160 68 219 148 445 179 224 217 271 205 80 467
