40 40
430 220 386 202 444 444 380 273 140 460 27 167 386 149 459 66 157 93 39 162 429 347 414 7 353 99 270 125 75 218 150 102 399 55 475 245 386 439 0 481
146 441 434 104 339 124 139 289 159 279 77 446 273 431 467 499 134 143 301 360 464 360 35 142 322 26 52 75 476 394 146 341 323 240 193 444 488 498 368 60
499 319 67 240 306 102 401 137 95 118 374 161 211 301 321 355 459 381 132 48 116 98 100 325 460 52 193 373 454 25 14 240 78 378 166 273 413 380 243 55
398 9 450 495 87 398 490 373 466 426 439 495 287 108 413 210 3 413 476 134 96 95 84 147 296 78 47 97 56 197 482 93 167 4 169 191 140 436 433 355
221 298 491 240 327 419 284 230 387 149 250 103 165 10 358 226 329 333 390 10 476 71 115 11 164 99 420 42 484 459 312 285 272 276 439 390 410 179 127 303
227 356 182 192 186 147 459 409 109 113 292 451 72 305 433 42 0 340 94 335 133 211 55 128 301 227 343 2 40 213 192 338 10 239 305 335 25 422 86 103
176 402 261 440 499 259 433 49 208 113 52 109 469 495 101 361 419 490 308 317 102 141 63 434 466 133 148 166 266 431 460 436 13 76 358 277 397 61 72 217
288 305 389 26 145 491 467 197 170 61 294 145 462 13 203 473 332 273 437 262 436 0 198 248 299 267 47 190 205 426 466 297 188 33 445 117 299 135 322 293
238 31 191 361 361 322 118 289 67 473 236 51 61 179 211 463 218 336 359 218 228 460 174 30 116 233 32 492 386 235 168 8 120 164 453 2 481 134 46 188
498 450 446 294 458 284 253 160 261 311 108 12 200 366 44 154 477 108 411 260 221 474 242 118 303 472 360 228 59 248 148 130 116 171 68 178 128 180 27 365
308 285 400 393 87 312 162 274 79 454 405 48 363 75 23 270 38 236 486 402 201 114 228 459 390 115 39 369 302 67 18 424 131 412 235 489 355 290 402 414
219 18 206 313 497 135 130 209 99 278 403 490 265 123 169 366 450 210 310 289 63 154 376 416 389 460 183 172 432 344 261 213 132 182 213 398 237 289 216 285
167 423 368 55 473 230 379 329 138 64 30 464 8 191 438 16 412 21 413 384 183 240 276 305 265 333 63 393 123 363 175 50 102 220 67 9 272 480 78 282
199 414 379 68 321 331 73 431 217 17 28 170 59 168 122 458 318 140 416 378 104 92 270 34 263 209 248 281 197 218 190 44 247 456 385 297 86 329 166 121
295 445 36 192 29 194 483 314 163 266 334 150 106 134 461 354 347 352 449 35 350 64 220 304 389 36 365 269 343 495 230 336 387 39 102 208 478 435 42 179
71 417 457 335 348 246 359 241 165 413 230 207 420 467 233 298 61 342 132 220 226 416 252 13 234 287 362 286 413 72 165 52 369 249 389 375 150 336 383 418
21 478 261 36 5 434 367 236 386 386 106 122 44 192 200 190 368 334 7 165 348 8 487 130 13 379 59 336 462 397 172 7 154 203 322 325 298 155 120 412
1 335 418 346 43 170 108 430 24 2 198 351 487 129 249 192 227 69 84 486 448 99 222 135 207 172 146 256 399 25 349 183 117 276 8 53 367 357 90 378
333 188 139 243 173 69 180 312 343 7 44 359 392 317 63 188 185 43 406 151 297 142 224 131 286 371 204 61 419 139 290 347 94 44 213 146 273 202 460 359
61 121 403 292 142 224 80 377 43 146 431 412 103 131 243 66 370 134 17 56 318 465 495 228 45 444 486 302 43 394 142 118 440 445 422 430 469 371 59 71
113 249 89 59 378 124 188 133 73 80 69 423 124 213 413 444 295 462 78 176 161 320 183 403 256 294 54 321 446 52 79 118 123 299 464 423 429 21 69 345
142 464 321 225 343 307 444 262 227 336 50 329 224 128 316 69 263 199 341 22 224 401 27 374 132 395 233 382 155 417 238 485 357 251 4 78 278 340 385 199
332 286 412 18 372 311 147 237 194 368 148 102 237 426 398 411 225 51 497 47 149 102 126 70 498 186 80 32 364 232 55 15 298 162 464 261 67 434 265 209
332 186 1 381 474 282 227 314 159 52 28 175 479 14 283 235 342 155 76 248 111 50 238 469 138 378 241 30 180 209 170 75 133 325 412 482 256 55 308 493
243 415 359 402 18 388 403 337 36 489 231 464 269 143 218 248 230 86 263 60 235 356 47 91 351 392 293 130 42 448 295 421 18 0 26 307 203 182 170 286
74 138 472 377 143 156 485 477 389 86 231 457 287 191 126 379 497 432 366 131 433 337 310 178 60 331 17 168 465 170 68 128 405 244 167 8 164 390 460 119
334 413 238 47 30 359 265 1 25 468 218 433 240 36 305 288 364 387 83 340 121 69 414 180 292 480 144 182 1 421 138 357 54 8 439 265 283 123 185 452
215 204 26 68 427 483 284 166 400 469 465 418 97 260 24 285 156 195 293 33 18 348 449 112 78 138 407 87 68 336 392 158 146 146 316 380 173 256 14 242
436 157 147 371 266 4 63 30 441 202 423 144 224 31 176 358 125 264 36 267 112 302 346 192 252 87 418 68 395 324 43 75 53 331 192 414 187 347 245 63
287 18 244 260 357 14 15 278 474 101 131 293 216 413 361 322 60 376 490 44 258 158 378 11 375 128 273 313 300 40 387 96 291 25 333 293 240 262 316 465
118 372 322 285 184 21 433 389 487 333 326 35 198 181 470 381 424 464 276 420 178 210 31 42 100 436 417 288 195 199 303 383 494 407 200 50 206 422 473 457
67 350 207 464 174 388 267 390 347 474 308 100 250 422 64 150 76 48 256 36 470 55 192 402 191 133 314 30 238 20 406 271 397 373 92 383 443 262 167 292
391 476 61 59 269 130 395 14 187 396 187 13 341 71 88 24 156 246 317 376 432 457 422 371 125 28 182 5 114 279 105 167 128 345 433 41 123 252 45 11
57 338 325 226 336 471 124 81 326 307 489 415 324 486 123 25 257 477 95 115 66 436 168 397 227 484 123 146 395 184 374 275 64 15 344 355 395 318 102 455
306 135 198 271 360 21 477 371 381 277 359 89 136 462 463 445 343 81 332 351 452 241 82 434 177 447 273 83 374 473 301 393 461 423 202 344 355 117 30 287
394 492 299 95 105 318 59 200 7 359 200 117 460 495 381 330 367 387 444 231 39 321 51 388 306 119 135 458 356 132 367 321 268 96 125 239 235 287 414 185
464 108 237 386 6 238 9 449 111 24 263 70 186 483 74 314 139 352 463 265 159 457 335 333 423 35 441 325 389 181 420 130 363 412 110 486 339 319 428 263
460 22 193 286 136 111 105 488 38 230 30 77 206 489 277 458 7 32 407 207 313 395 403 209 61 323 67 235 163 389 275 431 241 341 425 287 385 54 72 391
93 372 98 327 31 158 272 101 315 418 363 333 273 314 487 406 348 253 187 168 474 366 151 307 301 83 269 428 225 17 199 28 428 56 433 402 340 235 383 478
405 69 361 378 431 3 291 170 320 146 499 166 264 444 189 232 374 334 25 171 345 235 327 296 318 175 428 451 68 241 214 496 10 298 205 430 277 187 473 399
483 185 216 205 41 485 22 454 293 300 140 253 324 426 334 464 325 467 324 105 67 295 264 74 314 423 341 31 381 182 394 122 133 317 390 170 222 196 30 1
