100 100
223 87 137 16 299 175 351 342 472 61 56 239 271 475 370 304 60 331 3 187 135 466 388 259 440 321 206 308 476 176 18 22 80 404 297 442 275 344 260 29 392 328 405 152 279 191 20 290 472 64 477 435 353 459 16 341 240 57 432 360 479 142 346 99 361 484 271 135 364 287 139 17 92 409 208 217 300 155 15 467 161 342 164 294 377 12 53 366 278 302 281 68 296 5 336 302 283 293 284 281
267 319 312 237 235 130 64 368 22 303 143 448 256 2 44 308 127 435 46 288 32 59 418 40 233 499 149 253 33 185 141 483 319 446 433 418 180 36 491 86 168 383 428 79 308 492 29 311 184 133 235 48 217 357 100 155 195 177 462 162 0 208 68 366 3 158 453 257 37 167 218 336 457 123 302 31 402 495 350 354 240 267 33 50 491 473 488 457 223 82 255 494 38 73 52 139 372 443 78 154
160 227 357 374 107 122 217 244 131 298 166 115 42 350 40 270 93 193 456 115 233 202 213 163 345 208 243 162 353 216 258 470 71 263 295 278 347 79 428 253 425 240 391 304 464 130 260 193 30 79 65 322 318 62 415 465 276 495 444 19 476 344 79 119 203 337 366 314 374 308 198 393 67 273 100 259 417 319 343 27 457 357 429 484 387 155 185 424 436 446 78 251 373 242 192 205 106 266 430 475
117 28 167 4 260 395 64 109 233 30 33 472 50 329 221 93 481 453 216 78 16 69 363 338 491 95 258 271 458 195 54 193 136 431 435 263 446 373 2 489 483 415 416 83 63 72 230 288 435 373 133 479 161 48 359 44 423 421 117 34 162 17 274 174 62 442 396 59 38 261 490 363 273 231 139 271 399 177 417 271 311 248 368 170 171 456 415 255 207 107 321 213 284 26 190 199 126 164 286 438
353 190 177 63 68 31 120 343 226 297 401 9 308 169 396 224 420 268 271 385 472 18 254 166 275 445 312 76 17 88 202 183 486 281 426 238 453 150 23 176 75 287 188 447 234 71 170 428 338 376 82 244 406 196 486 348 130 149 329 96 38 407 204 457 191 342 0 121 28 303 263 48 305 440 276 35 121 351 38 477 285 342 488 205 445 219 235 259 374 260 193 29 488 447 435 481 410 323 173 177
138 483 306 400 172 313 122 385 33 471 321 246 91 158 78 21 168 73 268 385 85 19 21 447 283 81 40 345 382 469 390 110 481 279 315 463 14 36 415 34 252 68 279 209 1 299 408 148 464 150 397 195 239 439 214 332 455 472 249 282 212 99 371 337 231 84 99 179 148 444 161 483 495 389 460 476 114 172 414 49 85 200 268 188 208 364 481 122 308 96 256 46 395 475 25 326 41 489 418 146
264 491 10 307 3 199 404 239 42 130 217 277 182 339 90 136 268 226 197 40 220 454 149 442 330 321 142 407 430 434 482 90 440 402 467 190 41 198 194 468 419 458 346 318 276 176 149 160 428 290 314 30 25 268 155 87 348 84 261 390 186 76 280 220 245 197 260 80 231 291 369 476 421 166 382 270 353 2 279 410 432 248 137 295 347 407 144 28 5 130 344 293 2 474 313 27 65 219 107 86
408 76 290 267 53 2 261 256 379 145 308 137 308 448 43 303 298 499 340 274 295 339 429 116 146 246 408 477 90 249 205 455 117 444 184 403 39 35 369 98 135 107 382 487 18 155 253 356 247 94 374 481 163 183 391 494 352 462 18 211 136 14 210 11 61 219 253 297 178 75 199 163 481 115 26 467 277 242 142 89 361 71 339 170 468 256 215 21 242 451 438 289 59 470 85 3 183 165 332 403
16 306 460 402 168 191 234 66 438 147 181 356 180 100 30 149 15 289 160 105 413 424 474 454 212 89 46 446 273 107 365 300 45 318 228 373 409 46 364 432 421 290 158 339 474 486 255 414 330 413 388 333 378 86 329 219 337 67 185 120 219 478 38 406 333 435 457 434 320 467 433 93 205 464 95 76 306 444 408 245 464 49 250 2 7 185 194 10 167 299 255 131 340 437 127 440 178 86 133 324
215 87 52 388 329 95 482 477 301 236 67 465 60 105 267 7 208 76 165 470 365 172 280 16 187 364 308 2 233 448 429 246 440 165 361 141 194 373 435 390 414 141 332 23 298 275 259 224 492 180 1 297 491 15 478 192 478 474 411 492 264 318 352 82 90 229 116 457 215 325 157 301 7 439 384 413 152 439 125 250 281 414 130 242 412 480 378 320 356 431 106 1 55 195 151 311 495 393 425 473
398 5 247 414 400 390 469 173 338 443 117 205 92 281 410 361 361 320 251 450 201 38 285 325 294 50 112 103 438 392 146 275 341 2 307 456 248 76 2 75 135 39 21 1 214 389 169 292 169 461 368 344 5 189 479 179 235 327 422 348 155 294 68 425 256 64 137 394 217 40 401 51 354 421 285 109 374 205 49 437 332 460 69 391 152 224 63 149 1 117 248 242 213 92 86 368 351 296 253 33
282 77 407 111 466 467 136 28 116 199 43 196 304 497 314 275 143 111 340 118 471 103 19 447 66 465 69 418 257 119 33 402 225 213 220 449 193 147 76 314 311 351 147 459 164 217 251 33 403 192 292 411 369 471 57 333 24 319 436 27 91 175 70 88 475 154 285 317 296 137 173 106 333 173 118 212 315 290 387 176 33 313 73 154 28 388 233 359 199 159 413 387 168 421 470 220 329 24 366 36
348 192 152 398 321 122 127 36 86 283 223 231 112 373 66 381 211 227 313 32 308 15 294 124 180 78 212 366 16 321 254 128 213 100 417 22 414 433 203 341 105 456 19 464 112 209 86 487 13 494 272 373 151 291 399 361 324 343 44 449 84 128 196 259 465 221 21 430 35 323 133 56 402 75 172 258 13 414 299 332 474 113 30 153 311 479 206 497 292 474 366 51 365 123 77 40 488 323 367 444
271 263 88 311 133 80 387 406 49 405 153 240 293 432 397 428 417 157 432 172 267 409 358 384 313 145 168 208 494 364 361 45 457 380 106 38 181 414 201 357 62 331 216 94 454 198 252 234 254 303 362 438 71 472 416 445 453 19 458 153 242 282 215 39 24 406 164 446 75 346 425 32 241 54 27 204 426 311 160 31 308 304 256 437 41 56 106 187 22 452 150 48 339 411 20 9 248 190 46 404
267 473 328 30 297 412 33 382 173 373 119 68 396 215 213 129 460 345 260 466 277 439 482 158 269 239 336 11 222 137 58 230 419 259 61 96 142 388 71 35 301 356 457 84 431 149 136 154 192 274 361 173 410 377 430 191 369 416 46 206 143 306 285 489 146 185 361 440 435 309 361 141 207 4 194 146 499 274 165 86 2 487 160 60 71 175 225 79 215 385 334 187 228 12 370 116 425 212 268 356
408 16 387 169 106 200 92 62 133 217 74 337 276 248 247 393 215 199 291 233 476 82 112 492 380 219 486 456 78 449 36 202 96 338 65 255 490 174 322 41 365 409 264 497 210 320 174 99 222 157 13 456 140 17 429 473 486 398 298 134 17 315 45 188 226 424 485 286 428 106 206 425 79 443 411 179 212 294 481 448 1 494 105 33 202 239 366 353 28 187 328 80 370 96 161 367 421 350 95 372
448 91 123 172 423 366 392 277 255 122 181 228 263 113 64 326 310 419 347 122 235 108 252 140 247 433 183 161 438 374 23 289 86 466 34 494 344 269 359 245 22 420 205 472 283 443 245 492 415 50 84 440 102 65 317 103 163 438 466 370 329 258 17 424 453 239 360 229 498 445 331 270 448 245 300 439 88 435 143 74 317 83 453 145 272 335 430 476 21 100 13 277 318 365 73 163 406 320 177 19
68 133 81 6 118 424 36 408 220 182 145 9 249 355 226 22 344 357 239 373 474 23 447 348 67 106 252 300 33 36 259 288 481 292 486 224 54 228 147 160 159 442 76 206 54 367 155 90 374 484 373 399 390 316 435 481 4 343 244 466 236 469 417 124 20 75 197 264 481 214 494 22 443 289 222 489 143 204 154 219 143 276 336 332 278 454 496 223 34 415 319 378 447 179 90 19 313 330 205 195
154 28 359 148 37 460 147 270 195 47 47 346 348 145 95 256 100 151 113 157 275 239 386 218 260 424 55 405 391 35 395 124 472 363 292 20 178 362 272 150 363 356 372 136 132 420 326 185 38 156 420 302 64 165 92 218 266 38 88 129 159 47 422 329 304 285 2 374 112 467 46 8 394 233 45 6 253 303 38 308 489 27 458 325 27 131 352 402 249 438 255 374 241 94 498 306 253 128 368 276
367 100 411 80 329 208 453 68 175 132 435 173 387 293 399 444 472 245 177 209 185 482 467 280 6 396 121 21 457 405 98 378 83 285 31 176 397 124 412 417 223 223 29 7 299 32 109 391 287 154 20 368 383 66 221 378 342 301 425 111 159 490 0 45 245 345 491 193 460 315 21 452 351 165 451 330 371 73 77 429 415 13 449 103 196 78 238 143 29 350 55 120 0 50 481 275 74 236 100 168
80 76 247 383 397 494 395 126 498 39 238 90 305 35 366 278 102 130 108 21 104 493 469 226 450 451 168 221 419 82 294 57 255 336 353 401 6 200 325 285 66 37 30 396 415 35 192 58 121 455 390 238 377 377 195 63 57 5 37 280 136 115 263 43 19 75 274 166 448 336 234 130 8 381 420 79 1 44 43 186 204 265 281 68 226 444 38 117 397 461 453 129 123 83 43 76 173 228 244 131
355 98 336 207 137 303 6 469 127 199 113 302 133 234 192 274 140 328 20 304 395 147 171 114 235 302 39 485 495 434 483 137 42 491 102 403 297 329 69 324 318 110 413 217 403 266 286 290 57 433 399 228 426 19 398 464 276 7 495 225 244 32 450 359 471 323 143 226 375 383 27 357 93 287 165 28 150 458 208 316 348 104 367 145 28 301 242 74 469 5 209 245 60 13 295 327 335 7 31 380
144 21 323 439 433 160 476 415 5 345 483 229 123 201 228 246 334 473 96 122 214 24 6 61 480 321 274 475 107 136 188 333 293 411 123 75 463 468 129 417 132 6 41 313 218 57 307 136 148 58 118 490 478 257 176 239 329 84 481 256 159 165 1 352 229 302 6 370 331 476 330 26 168 353 357 165 412 160 404 30 403 97 306 391 272 83 280 141 49 354 117 18 115 375 242 469 470 244 64 271
115 367 189 86 356 353 125 277 418 322 35 214 449 270 289 377 93 458 155 61 179 36 93 166 492 373 212 113 77 488 297 54 92 118 386 204 96 446 212 83 368 205 354 361 61 303 192 495 49 454 108 316 449 384 466 160 100 67 137 120 359 116 352 157 433 176 235 326 259 87 32 314 362 432 22 216 208 409 95 289 193 89 440 66 418 147 298 490 191 131 474 294 40 249 433 143 356 44 472 169
53 321 437 16 41 91 467 148 346 449 10 495 489 7 388 390 262 27 487 55 203 307 492 177 44 375 194 0 48 418 407 286 337 82 157 129 226 169 312 302 264 442 458 143 355 295 346 172 447 462 398 471 457 318 184 477 400 448 406 20 306 18 458 427 165 193 412 395 394 284 238 386 124 484 196 469 159 317 51 424 111 163 258 391 97 376 57 83 101 444 29 250 446 129 36 183 409 104 277 470
444 159 328 181 55 387 5 423 150 420 113 356 59 429 45 250 143 453 34 23 463 405 283 324 334 283 122 383 107 317 141 320 331 117 495 186 307 352 56 12 472 468 346 146 430 374 241 279 9 280 106 418 45 145 335 435 359 42 5 38 22 478 475 274 148 439 270 132 473 159 229 65 31 421 361 360 90 187 64 362 270 380 253 296 439 242 187 273 279 111 466 479 152 103 481 291 401 45 431 305
208 214 309 358 499 132 302 283 81 145 441 47 400 299 301 124 236 22 48 239 19 60 232 297 373 422 318 457 167 414 164 207 393 413 116 428 9 236 197 79 91 285 63 145 351 220 441 260 109 417 66 250 52 14 147 399 381 191 405 70 177 151 63 262 287 459 51 416 376 89 18 128 53 333 154 327 96 33 141 115 418 19 334 9 45 308 144 339 9 328 243 107 348 163 220 171 43 376 67 435
224 63 388 492 61 406 313 218 358 109 112 172 275 289 406 119 101 328 286 17 295 179 386 444 44 303 86 112 380 141 154 297 138 216 285 112 453 203 121 430 366 346 185 79 141 497 134 134 43 374 84 74 17 251 436 346 103 201 15 406 392 299 184 149 452 175 418 26 485 424 12 388 139 94 69 148 88 204 313 101 307 189 328 430 289 173 298 125 353 65 294 339 358 113 271 89 285 346 294 47
178 170 233 231 276 24 497 30 416 326 476 415 320 172 461 305 134 68 241 389 136 17 322 26 9 387 493 408 290 186 16 148 15 3 384 267 448 387 382 13 119 142 398 385 27 203 118 171 485 135 221 495 340 444 90 288 126 356 205 21 221 283 262 343 131 465 267 413 441 314 164 455 428 410 497 464 8 96 360 404 307 314 203 346 303 91 20 346 320 149 292 188 354 403 232 315 455 64 76 283
220 455 158 204 225 455 406 161 436 299 42 400 308 158 333 24 75 383 351 65 461 81 310 95 89 333 418 75 261 268 400 313 69 164 496 472 295 415 66 333 451 431 280 483 123 338 463 410 342 143 434 495 100 107 188 211 154 2 158 375 311 452 396 197 491 62 237 75 430 111 51 295 399 90 109 253 164 418 226 123 154 482 139 37 405 293 245 15 189 65 289 391 199 430 165 198 22 39 81 242
313 326 208 60 175 51 406 7 69 359 105 202 110 111 126 465 339 385 62 20 429 94 362 166 490 363 207 243 495 102 198 191 341 418 383 342 485 165 205 15 138 14 97 254 131 240 192 405 207 156 443 457 53 227 362 483 289 323 26 109 35 93 360 282 214 397 351 76 419 417 165 317 334 193 314 315 417 137 194 338 492 428 23 483 302 118 6 277 182 77 216 298 261 423 93 4 77 65 108 116
380 437 266 193 270 469 161 333 107 144 332 155 210 172 337 293 335 473 304 363 367 108 338 108 380 426 21 334 160 367 190 310 101 450 352 0 464 365 5 185 34 295 421 145 331 436 492 470 371 58 491 400 106 283 291 211 81 270 25 483 343 489 212 401 38 120 354 335 87 55 146 266 123 299 378 237 287 479 11 390 164 112 486 202 245 493 401 443 424 257 284 190 39 298 313 419 75 193 305 419
34 493 495 453 8 113 479 222 69 266 377 335 479 325 10 400 395 442 203 81 53 35 140 215 201 248 289 44 475 257 287 234 276 121 50 333 245 193 172 453 293 382 208 312 62 9 277 62 171 244 470 220 149 17 195 343 431 258 297 130 145 155 247 52 74 357 96 128 143 379 25 203 348 137 239 230 204 482 365 33 352 7 215 346 403 202 390 208 372 166 355 99 25 472 273 35 357 210 84 177
208 370 184 27 207 94 15 438 175 480 486 375 177 408 28 163 423 480 88 334 28 438 426 489 413 262 317 435 228 467 164 82 163 226 476 378 442 427 442 276 46 351 321 376 359 117 280 230 162 351 57 63 228 136 265 10 38 125 315 379 187 474 263 249 347 3 412 239 211 361 362 33 325 302 292 108 102 310 182 310 490 6 55 76 14 195 244 157 457 459 80 413 61 341 462 422 3 38 58 324
240 457 368 405 375 135 93 177 135 309 418 86 195 330 446 33 337 58 39 71 442 477 141 304 334 203 424 41 29 27 79 414 112 82 163 477 63 78 281 110 162 176 117 350 391 395 449 417 474 455 302 225 328 320 445 281 402 337 301 446 290 83 382 275 205 3 295 371 89 21 106 191 406 237 227 297 443 106 117 159 172 464 164 313 314 55 325 157 352 402 98 416 81 214 441 76 89 491 46 23
59 255 384 346 63 293 84 225 386 216 364 396 11 83 353 389 191 209 191 6 177 128 466 467 335 319 419 216 179 176 300 178 212 291 35 49 382 18 364 483 462 365 108 71 283 13 28 386 388 467 30 190 183 151 133 157 445 55 51 453 435 70 358 276 474 141 363 178 344 471 248 50 53 273 376 153 331 26 251 55 388 345 220 301 327 243 332 291 103 172 309 135 292 411 234 13 442 416 163 53
60 308 435 338 6 228 96 61 388 172 314 301 173 268 142 386 145 163 124 335 466 419 237 54 371 313 465 255 250 120 133 137 411 26 475 414 352 128 50 494 482 397 148 28 376 214 164 308 496 284 377 389 273 247 494 75 297 381 389 293 382 242 288 179 301 10 116 324 273 24 149 354 301 333 87 127 333 316 59 136 336 80 297 319 475 353 242 148 48 400 438 489 210 423 366 477 169 182 85 297
468 365 76 108 395 90 487 428 63 415 282 158 230 424 70 331 315 170 59 402 417 147 300 231 224 217 417 358 259 255 131 200 235 157 265 87 35 152 5 204 296 395 238 116 339 244 203 456 490 410 395 341 153 361 8 360 472 383 397 107 355 186 318 63 120 130 92 313 104 72 392 286 215 282 302 352 418 315 56 115 146 48 83 57 150 309 6 27 140 34 494 134 330 390 376 203 206 322 346 12
306 106 345 472 346 353 232 101 272 112 291 166 362 109 285 127 81 294 425 299 339 19 93 491 489 317 364 50 488 261 491 188 164 236 425 459 335 156 161 411 462 419 106 167 86 393 80 434 248 37 131 311 139 221 151 359 379 102 481 478 414 481 43 346 245 301 412 303 416 15 57 393 186 452 151 334 255 290 319 435 481 425 294 358 179 418 45 259 148 45 329 31 63 383 379 11 207 370 453 469
215 412 11 143 190 302 39 173 18 351 166 72 102 45 84 356 367 327 75 139 102 463 482 133 230 235 493 34 77 293 458 340 234 405 276 83 470 157 205 160 16 105 218 125 146 259 80 55 464 43 187 145 275 251 233 131 27 263 301 406 347 483 68 20 370 263 309 438 139 416 442 247 288 270 400 255 220 265 97 184 179 401 440 310 32 371 304 309 322 442 386 126 437 389 279 409 210 470 218 106
250 316 213 9 304 476 230 77 428 253 394 317 271 352 101 171 105 148 425 22 111 248 315 183 388 203 18 98 311 431 47 331 292 261 284 15 53 398 307 80 302 439 107 201 269 144 274 187 194 354 242 47 144 370 380 493 180 441 51 363 483 95 113 72 29 164 490 301 348 27 81 157 315 285 333 174 467 99 210 294 403 180 451 348 77 63 414 28 70 366 218 116 275 496 374 265 180 471 378 48
176 449 226 496 409 485 254 451 179 46 326 495 5 225 308 233 352 186 431 459 294 215 121 98 170 239 162 136 139 263 307 368 225 311 304 286 80 229 386 313 309 450 3 242 405 403 484 471 296 282 498 248 217 254 323 326 250 162 328 401 430 1 318 249 301 316 435 341 451 339 149 313 18 189 403 2 437 362 220 344 165 150 0 400 208 468 264 340 342 132 481 241 492 429 144 355 322 418 38 393
464 130 245 432 212 421 105 441 316 340 488 472 113 395 390 392 200 172 262 351 457 172 293 60 376 218 35 436 335 392 275 90 22 45 201 13 190 94 480 294 223 78 198 137 310 487 219 425 323 345 424 153 484 458 162 71 133 450 290 230 460 304 397 48 347 357 322 345 0 54 13 346 316 364 467 115 142 171 176 212 323 374 147 455 249 485 7 4 329 325 301 434 6 451 213 391 347 124 17 96
71 493 111 130 29 273 156 87 79 208 90 176 326 247 446 369 112 131 441 151 459 242 162 299 201 45 324 387 496 28 281 134 347 151 334 440 356 166 90 3 419 243 287 391 361 434 234 420 69 132 299 364 358 431 352 84 63 419 475 427 10 387 94 59 494 272 447 373 130 40 130 259 282 236 459 34 467 57 279 120 264 375 236 240 263 43 387 485 186 134 317 476 483 91 436 201 45 72 95 97
84 401 28 182 464 103 87 266 83 35 305 81 231 162 158 415 7 90 493 284 356 67 436 88 210 117 189 481 31 287 373 194 53 252 28 262 219 291 160 16 183 94 341 90 142 370 14 21 234 198 371 266 272 9 448 482 281 163 186 9 226 78 262 269 454 304 362 369 239 299 240 445 179 327 40 71 59 338 420 39 479 264 107 389 261 24 416 213 474 138 231 169 153 112 48 65 249 0 212 325
349 301 27 122 409 435 142 153 482 366 322 5 101 239 460 356 265 72 32 430 401 451 104 161 8 8 446 474 215 33 285 248 406 236 289 296 312 350 269 201 168 392 260 391 164 148 84 388 199 153 180 306 88 359 43 346 382 165 124 197 0 161 308 255 229 456 9 145 319 261 87 204 85 29 146 457 382 461 333 99 292 301 460 212 143 255 297 251 31 40 443 445 25 45 76 477 179 225 408 326
166 423 451 244 357 256 102 403 334 365 40 73 42 154 391 114 336 488 385 391 438 385 354 30 201 74 277 321 330 99 149 417 168 90 282 126 499 249 326 272 133 136 124 93 230 227 49 333 442 56 195 492 43 305 21 361 458 268 35 351 45 325 152 66 156 8 227 152 385 210 102 413 213 275 420 369 14 319 467 383 71 109 379 202 13 237 414 114 447 228 488 95 176 59 155 178 327 415 496 437
115 387 482 125 106 124 191 235 447 179 21 120 403 445 143 84 137 430 151 204 496 241 271 199 117 274 115 153 390 483 424 11 385 90 426 145 491 198 388 375 423 484 135 271 118 28 363 447 220 276 29 430 408 272 321 351 32 234 390 363 198 330 341 44 40 438 149 381 30 265 405 326 246 150 97 209 187 185 450 377 407 67 282 95 50 495 420 246 104 21 249 197 374 322 106 327 71 483 373 287
42 335 84 8 220 28 485 267 318 113 20 201 185 443 340 35 323 407 496 134 118 212 468 111 225 263 312 353 195 199 188 312 67 280 126 318 4 465 463 265 158 17 375 214 202 64 449 206 150 55 341 94 355 236 408 261 405 475 104 248 288 473 6 95 187 168 205 464 134 440 83 376 307 99 394 322 14 395 208 496 327 207 258 320 298 343 158 340 236 495 252 134 273 402 263 311 16 67 90 482
256 442 329 147 80 293 312 246 10 446 492 438 134 389 291 231 5 38 441 289 394 369 0 311 222 219 16 124 253 27 383 385 234 114 195 140 114 250 76 422 239 252 93 127 87 267 280 122 210 267 279 457 428 468 78 85 227 357 459 288 37 281 495 102 195 441 196 226 64 363 461 41 369 154 229 488 212 56 226 172 1 217 297 433 170 215 342 448 494 305 417 433 182 391 276 160 246 137 245 81
229 398 488 300 99 444 374 155 442 31 375 339 275 86 72 172 412 453 65 142 212 330 34 243 201 97 165 416 226 246 320 317 363 451 219 248 48 146 476 77 333 146 321 389 431 444 163 221 56 354 377 397 286 237 121 35 410 57 275 138 452 168 76 337 66 39 276 268 104 461 234 191 122 217 253 471 209 148 490 63 325 355 2 318 219 482 78 126 152 478 95 49 303 176 361 470 10 120 28 386
226 441 170 332 454 99 332 487 353 273 347 218 282 232 465 103 77 37 265 217 217 329 401 406 54 187 370 144 243 351 238 413 88 23 216 131 221 143 326 233 37 28 58 436 435 114 444 477 305 455 125 180 2 227 63 8 60 317 408 55 44 133 29 488 257 448 37 72 482 284 391 173 51 186 207 390 94 7 284 315 469 42 194 365 240 329 402 446 341 191 59 216 399 156 310 349 349 174 440 351
490 1 113 130 378 362 438 380 104 263 251 476 129 306 272 479 372 39 358 384 106 174 268 14 327 338 124 162 472 158 431 175 236 105 350 150 12 150 7 312 46 336 367 367 122 156 62 261 130 345 347 494 92 122 477 234 494 118 152 457 288 399 177 427 69 297 321 28 416 474 188 327 111 421 229 354 354 402 29 326 498 415 469 329 203 255 341 34 119 61 352 61 473 43 50 471 352 46 204 191
154 395 161 407 279 367 335 170 246 337 407 58 391 85 474 110 331 483 11 327 413 341 76 68 118 62 229 483 140 371 427 84 374 79 350 328 475 208 152 113 231 361 287 439 471 35 171 203 167 412 397 255 426 430 265 78 21 145 5 350 90 76 482 245 285 236 442 211 416 171 308 318 444 266 76 126 411 49 65 267 262 16 178 42 59 86 377 199 34 48 202 213 118 372 64 160 280 158 48 81
24 476 472 449 443 359 296 340 19 349 302 338 391 345 73 355 364 9 283 120 485 304 261 483 202 213 426 395 457 19 304 168 404 170 25 448 141 115 20 356 286 273 277 409 348 93 497 237 461 3 495 170 269 301 187 390 49 284 145 17 345 247 7 128 422 204 336 2 30 108 474 414 283 493 147 96 205 89 154 309 147 460 445 426 273 10 283 115 339 349 111 49 239 3 162 446 146 107 351 318
381 488 85 433 395 256 105 320 100 128 166 203 6 334 443 359 127 487 140 452 462 134 465 293 211 213 186 48 427 281 376 304 190 189 10 180 165 285 200 318 66 205 204 67 379 317 163 495 490 192 220 223 229 42 344 277 241 152 33 455 297 237 459 166 219 307 323 234 66 257 238 451 100 399 162 432 213 218 392 76 491 160 386 85 160 335 378 209 147 53 96 370 139 420 433 190 66 348 407 432
190 494 19 58 265 357 295 159 494 203 441 40 491 196 326 148 263 133 83 91 450 326 91 96 58 23 327 309 60 47 199 159 294 325 276 155 167 159 112 420 255 428 238 57 86 298 498 50 275 259 402 364 168 192 21 445 302 213 454 417 60 471 309 133 366 238 382 115 385 30 314 293 373 114 363 133 174 299 118 396 321 490 109 449 251 333 420 48 498 428 429 44 307 415 238 474 103 199 246 152
247 412 7 134 60 234 225 316 456 450 493 175 26 224 178 178 47 253 424 205 320 499 116 168 162 379 267 21 391 125 492 489 20 412 386 34 340 164 457 222 474 86 70 247 321 178 409 498 416 310 157 216 128 58 36 134 278 140 48 228 57 439 383 449 199 376 179 101 292 198 190 99 399 26 52 59 314 315 396 39 42 126 97 420 461 168 201 270 450 12 356 187 478 273 411 453 328 52 182 21
31 242 121 487 150 394 405 4 28 133 110 409 180 482 230 372 50 355 52 302 162 152 237 393 310 493 163 301 251 71 66 372 82 485 76 173 93 11 3 226 425 103 227 53 285 257 462 281 289 282 218 280 66 422 110 449 380 384 342 76 488 411 273 318 310 93 70 61 176 49 205 402 385 232 166 407 242 61 389 326 365 439 148 190 331 429 477 450 174 263 117 137 304 284 493 255 47 472 213 261
292 241 360 165 43 148 41 139 407 404 320 28 380 454 290 478 66 265 187 438 181 57 130 405 87 399 141 429 157 391 357 1 164 79 37 168 39 293 414 435 443 226 290 442 16 408 309 327 131 272 150 58 151 221 27 432 31 337 6 423 222 424 359 286 285 75 75 104 255 115 235 49 456 199 110 52 359 187 120 476 348 282 143 386 30 41 7 299 13 332 450 189 183 471 22 455 373 454 156 123
233 152 144 261 271 184 55 348 271 218 186 127 451 73 206 324 442 443 222 330 17 420 336 176 407 21 169 234 431 456 277 434 498 455 274 186 461 325 256 65 284 265 35 156 188 61 497 232 251 425 151 338 238 349 427 97 235 81 2 97 299 187 191 317 465 369 351 135 432 182 334 434 157 357 161 278 484 212 161 448 95 376 61 144 224 8 314 488 103 429 98 158 65 235 452 342 410 317 157 353
193 156 25 28 126 28 254 51 92 322 91 210 189 278 185 389 238 125 296 67 181 330 127 27 289 421 268 351 24 346 18 493 250 202 452 82 476 36 144 219 42 385 236 162 50 356 30 278 353 151 328 16 95 475 247 1 171 263 326 234 166 2 24 239 79 379 488 290 74 422 271 207 279 279 285 266 290 295 214 336 394 339 429 467 423 228 332 0 201 287 22 56 409 359 315 417 309 28 74 251
398 328 183 201 135 485 267 241 25 348 69 488 373 58 117 347 445 417 466 401 226 474 244 341 439 459 227 147 423 400 413 289 131 350 352 454 274 76 390 64 141 403 192 185 145 454 321 452 173 448 296 204 495 107 245 167 204 157 433 173 127 68 274 171 438 347 480 103 63 144 375 131 293 472 439 112 119 62 233 486 466 482 115 290 274 92 446 459 361 175 82 424 492 374 307 260 48 399 54 189
332 281 223 359 360 301 375 199 386 356 3 318 137 462 170 155 356 411 391 11 110 33 375 321 191 320 111 87 22 362 212 204 97 112 9 84 445 319 44 336 289 343 380 417 479 376 305 493 483 440 415 228 452 304 370 474 145 144 248 223 180 335 18 392 491 499 162 283 41 200 263 74 31 391 163 98 379 47 186 64 85 224 51 21 356 221 211 498 354 404 380 67 258 391 163 15 224 120 327 457
141 486 77 10 271 306 423 334 326 438 377 200 29 171 185 235 491 142 298 254 3 22 209 74 499 145 151 198 291 401 142 159 345 186 363 170 382 439 484 170 363 212 113 467 444 394 78 323 353 256 190 29 246 292 477 437 144 238 154 286 145 308 343 315 378 418 220 63 25 430 244 108 409 6 94 214 68 49 390 115 122 348 323 98 320 12 46 149 15 246 429 12 413 488 177 121 157 415 366 122
98 213 3 308 114 357 306 259 87 65 53 181 443 265 265 376 0 258 197 91 8 261 288 47 110 0 218 474 218 134 200 332 163 476 246 291 76 99 495 35 349 402 267 337 473 255 493 296 351 402 365 472 450 222 62 398 104 497 132 230 50 492 72 45 372 296 162 485 13 349 72 318 400 164 42 196 449 453 71 432 483 471 141 454 84 169 151 329 269 24 213 408 465 30 14 90 40 458 94 197
125 295 402 281 448 454 365 261 95 131 434 178 43 46 450 318 481 294 36 14 278 86 400 438 260 75 409 299 310 132 124 349 371 397 79 279 34 76 327 37 341 62 298 27 441 489 336 76 452 98 358 236 108 449 58 496 310 465 323 173 60 337 413 309 375 340 45 6 14 309 244 27 87 391 290 197 105 182 378 403 79 4 305 444 94 373 363 59 220 303 184 218 38 70 36 88 348 8 440 291
35 41 42 29 232 488 228 172 97 425 204 345 444 202 53 163 384 245 138 66 164 229 342 460 335 456 182 190 397 3 273 104 446 468 97 306 417 58 389 269 448 197 420 150 425 164 461 163 230 328 197 121 228 334 140 38 153 92 81 297 275 266 378 215 180 60 91 489 50 139 231 417 313 385 413 224 139 182 59 58 145 350 291 452 22 343 456 356 268 203 177 146 80 41 431 161 124 166 337 237
112 78 74 228 168 353 367 345 313 464 142 59 90 312 385 2 327 477 290 284 368 299 40 79 328 192 211 135 431 360 38 204 28 470 61 250 251 411 68 218 318 259 444 344 256 65 138 62 183 169 146 458 136 110 197 412 294 79 171 219 491 113 98 135 28 284 341 387 377 229 221 417 472 119 426 246 402 430 143 226 167 107 101 338 228 350 182 140 343 35 154 397 488 70 365 187 121 355 224 11
441 112 415 127 195 345 63 422 329 159 187 315 402 327 133 464 126 274 81 258 278 216 104 244 405 367 459 8 23 282 475 20 100 17 218 365 496 112 233 1 483 56 406 201 381 419 398 489 265 384 169 325 259 237 47 166 161 295 177 355 118 215 425 167 68 455 489 364 217 288 240 188 176 368 321 161 329 281 189 297 0 119 431 30 369 151 418 144 346 67 212 198 189 364 93 336 327 211 301 98
24 148 418 27 132 303 273 358 21 410 279 153 403 62 62 38 201 470 420 107 182 397 298 234 159 268 138 119 476 98 116 414 391 445 426 364 24 172 296 337 462 65 473 315 499 214 192 32 465 223 443 473 375 370 418 348 174 407 458 429 496 74 197 370 299 258 443 341 280 295 7 271 212 419 278 314 82 137 459 54 238 477 352 484 7 15 183 131 224 59 159 345 180 107 444 406 47 455 349 294
435 284 187 328 261 86 188 394 281 446 244 132 142 190 380 428 2 462 415 154 94 449 102 258 485 455 414 19 7 388 44 466 376 484 401 161 289 17 457 180 489 197 432 242 336 173 37 268 284 347 201 472 242 191 402 422 351 197 407 361 300 352 184 188 388 440 244 408 169 3 386 274 205 112 446 406 373 325 92 479 347 134 202 426 253 345 110 352 454 271 480 226 19 252 57 447 290 284 347 316
152 99 87 23 432 256 40 345 135 150 154 46 127 281 458 48 474 493 207 433 140 347 473 106 248 246 349 50 395 125 207 88 484 475 360 416 162 483 434 259 30 50 34 99 491 146 489 408 279 491 464 89 366 21 220 205 270 222 320 425 390 335 342 435 77 5 106 108 215 30 22 251 289 129 299 222 69 343 330 448 6 253 145 212 162 320 104 169 410 294 39 39 329 312 314 431 418 327 437 332
386 255 420 82 206 251 357 71 293 371 191 177 479 13 196 369 166 367 81 466 304 383 261 288 19 399 14 222 433 385 327 51 178 171 387 243 360 292 103 227 267 321 174 133 330 318 468 52 235 204 490 131 273 415 487 74 418 345 333 305 240 324 234 347 364 203 464 201 393 226 66 477 287 336 193 412 340 198 57 25 38 245 108 137 249 386 482 400 0 221 267 212 299 303 424 193 75 141 154 369
448 288 287 168 185 343 105 397 135 179 263 379 260 0 425 331 442 312 280 221 294 112 260 390 298 239 176 236 193 271 489 78 346 399 160 316 255 496 390 233 440 146 21 310 268 495 262 429 287 71 345 480 86 490 445 217 179 432 65 244 435 384 168 167 428 102 199 292 167 127 358 337 415 309 32 73 179 36 295 413 262 2 251 78 301 221 233 106 185 96 227 445 0 259 163 372 401 48 466 278
259 242 362 467 450 77 118 187 333 269 342 110 63 183 39 316 322 150 125 318 234 157 129 431 234 392 109 46 404 82 491 29 280 398 286 291 182 253 82 394 148 353 228 418 167 482 305 140 394 344 254 420 478 325 153 134 14 282 85 254 91 205 486 213 313 57 206 295 288 491 389 314 339 292 274 302 37 302 283 30 144 135 274 133 411 310 12 95 448 383 252 376 307 129 231 268 371 409 433 402
357 291 90 34 445 337 264 133 387 447 28 362 241 58 137 225 488 251 147 434 312 498 469 436 110 310 30 11 372 261 483 445 130 125 43 300 353 276 287 16 271 299 457 413 76 239 346 435 489 270 167 150 365 279 371 250 263 395 255 310 259 101 173 438 235 288 34 49 440 428 90 281 152 98 208 359 215 283 268 92 183 458 366 288 64 296 444 118 2 347 410 109 342 161 201 347 217 139 147 230
348 234 206 420 137 8 431 110 187 272 336 362 418 68 29 85 300 457 153 98 358 146 17 469 19 256 215 472 291 399 376 174 264 26 490 373 148 6 496 29 424 24 52 251 103 96 384 254 50 397 59 101 407 456 487 274 163 8 117 268 31 280 64 294 185 35 101 417 479 168 212 99 450 200 19 329 348 89 309 362 457 263 87 68 367 494 253 278 353 308 161 445 352 101 252 364 403 143 358 294
437 122 218 186 14 215 259 181 192 387 322 422 357 67 9 253 182 156 375 401 332 374 422 330 418 108 462 155 37 499 146 345 117 399 16 439 263 439 35 212 263 184 296 4 260 346 374 202 317 270 126 16 423 277 34 438 134 468 303 33 390 455 215 44 476 433 339 176 201 350 465 217 251 469 154 205 221 281 35 185 309 91 327 23 2 462 454 302 149 413 89 318 489 473 58 467 454 490 343 212
274 316 2 61 407 359 91 261 477 316 153 76 177 465 306 466 398 300 438 157 404 18 232 340 63 470 456 285 383 189 206 456 399 407 174 299 370 441 304 188 346 228 399 403 229 210 333 179 180 202 103 174 314 87 235 250 63 322 329 395 471 68 475 411 401 175 480 2 416 28 173 268 187 92 141 214 22 411 48 333 152 390 338 103 460 187 434 224 435 207 326 450 85 22 392 115 430 140 98 282
360 482 68 494 131 78 420 363 381 227 439 29 211 145 46 456 338 183 12 427 87 94 261 423 370 96 69 54 279 415 10 309 118 477 473 342 144 473 365 201 283 170 236 429 301 446 147 368 245 101 159 344 42 310 384 81 393 408 22 467 143 82 483 225 219 320 94 10 365 370 415 196 411 42 395 58 448 62 104 389 411 322 335 450 247 223 460 48 86 498 410 233 94 83 181 84 91 33 237 172
140 121 172 359 98 145 71 118 432 161 64 95 264 364 267 419 217 298 123 283 175 169 171 236 372 42 146 307 227 136 257 32 59 132 252 332 320 382 449 410 240 27 354 8 446 292 130 160 498 361 461 259 224 234 169 88 321 38 388 180 411 433 445 480 460 489 168 301 320 378 297 7 344 320 232 344 362 449 63 140 19 260 403 157 177 124 334 259 158 311 342 259 440 334 249 310 351 100 71 210
226 438 316 242 425 404 398 285 208 98 309 117 273 306 35 289 54 414 492 455 174 171 378 268 124 57 125 65 135 163 454 397 155 107 359 401 466 20 499 206 243 41 70 38 256 226 246 3 281 331 158 129 53 364 391 470 286 481 261 381 91 52 486 416 77 427 212 235 297 251 241 469 82 130 120 306 18 412 335 438 16 35 5 452 153 103 255 24 199 305 15 230 61 406 481 60 200 385 405 186
365 32 219 343 409 474 138 170 212 377 343 208 268 417 168 219 34 112 93 316 217 162 13 234 27 7 236 420 258 300 366 29 490 347 242 283 487 491 100 68 85 294 461 102 439 81 479 251 398 247 182 128 426 147 6 144 308 319 310 7 34 347 226 50 324 379 310 170 163 21 287 311 52 349 464 207 459 278 191 325 110 388 402 276 68 472 154 114 414 156 375 176 455 210 244 405 116 115 294 408
385 493 348 6 410 206 372 489 171 137 250 350 450 454 155 428 90 176 50 202 153 97 70 227 353 275 1 454 453 26 366 104 167 243 394 174 430 401 385 366 217 65 365 313 210 88 237 0 252 59 281 474 270 58 151 310 204 268 230 468 226 327 299 435 6 23 12 413 427 330 185 451 407 447 473 488 146 5 396 370 207 153 221 363 158 339 334 303 20 324 475 421 250 122 392 98 428 391 433 76
453 426 44 12 200 294 290 474 286 466 235 491 291 325 17 428 466 158 353 78 306 468 49 278 386 258 8 362 46 158 96 16 246 444 63 470 349 184 292 236 107 436 441 286 292 215 466 444 254 98 444 240 221 100 403 53 321 135 90 180 364 223 272 481 446 463 458 110 383 235 197 186 354 181 126 491 373 292 169 15 478 361 304 430 124 36 291 257 255 103 276 297 211 15 65 269 264 337 424 450
453 86 190 2 56 363 432 22 59 249 191 290 249 205 155 145 483 488 378 351 325 436 8 333 458 430 70 114 242 70 91 178 273 238 388 61 199 63 221 22 208 321 422 250 325 196 323 252 28 132 116 214 89 398 72 205 320 149 474 185 258 17 173 408 258 76 82 454 119 35 465 428 476 240 156 474 61 244 183 313 155 446 365 16 377 217 374 399 468 67 107 247 38 10 148 46 232 438 367 9
383 468 237 36 195 150 295 428 236 111 363 251 381 63 156 40 365 349 473 235 42 289 165 29 428 479 182 127 115 10 59 44 272 299 90 112 146 146 204 156 331 208 247 435 359 136 187 463 469 275 167 444 322 436 141 234 136 123 250 287 473 188 167 398 36 201 456 177 386 158 191 337 227 347 327 424 423 463 422 149 194 128 435 87 97 163 424 487 274 196 11 242 319 488 449 440 499 121 233 95
126 315 356 34 381 185 475 58 85 49 142 230 382 4 417 186 222 271 284 310 71 279 50 426 177 430 113 364 333 494 466 57 58 155 178 294 53 60 368 427 188 249 241 444 427 323 93 338 95 95 245 153 35 272 222 352 359 123 191 220 329 105 78 336 33 455 230 287 473 104 430 390 224 211 26 319 268 152 478 290 130 186 488 368 180 261 16 112 269 124 40 3 318 221 316 497 349 130 71 359
326 208 301 121 271 497 436 164 457 41 93 481 74 201 169 25 320 205 347 393 102 315 288 48 378 69 10 442 137 37 63 69 465 49 116 357 218 280 216 61 488 39 77 415 196 300 438 237 314 232 267 233 233 443 495 164 167 407 4 159 315 204 496 151 493 361 321 96 320 407 134 135 207 443 391 474 362 35 159 85 233 247 380 280 384 75 190 355 219 79 473 360 483 191 235 471 223 252 179 45
195 190 153 197 280 220 181 13 428 242 357 40 136 88 450 81 215 460 318 336 208 467 23 232 479 320 53 68 161 164 61 176 230 390 265 381 255 393 87 167 423 178 465 411 22 129 237 401 216 170 457 219 152 24 8 128 495 82 303 132 143 141 458 179 496 279 329 85 111 73 177 84 333 17 186 164 168 456 379 117 261 281 192 6 214 382 208 328 165 374 167 107 335 15 8 459 32 237 174 131
272 25 393 422 23 137 27 413 469 100 101 453 106 259 273 44 293 238 355 433 233 379 157 11 352 260 162 42 300 416 64 240 173 258 12 188 114 65 481 330 471 204 469 210 448 344 444 472 93 477 399 251 227 482 272 37 303 400 391 103 56 211 320 371 60 273 361 240 399 472 299 139 44 233 459 42 476 395 440 199 289 190 290 287 60 489 370 398 422 55 232 398 348 348 429 366 27 27 370 4
8 34 341 160 149 51 336 285 51 158 344 277 330 169 52 119 32 421 162 403 212 336 305 301 5 390 221 444 484 442 490 33 78 426 216 449 463 132 234 100 246 275 331 390 121 182 191 327 68 220 301 388 23 443 144 339 286 54 34 415 327 245 222 156 44 301 386 131 89 444 300 96 238 102 470 408 132 490 39 450 83 284 2 24 170 323 322 120 6 348 337 66 346 196 25 437 109 467 344 321
462 377 253 190 269 402 81 122 451 432 345 125 89 303 480 488 156 70 387 400 403 448 360 151 220 408 428 19 99 57 303 332 475 123 275 327 393 463 206 223 226 278 121 8 493 313 191 389 172 407 139 285 35 220 444 41 236 286 238 312 429 83 372 78 357 79 48 486 406 211 344 198 115 165 285 236 255 143 220 432 160 472 224 9 138 420 166 497 430 177 457 255 162 4 70 211 250 345 352 149
445 109 221 4 5 258 469 176 350 386 495 146 204 49 363 159 346 245 312 126 271 429 182 196 201 341 187 299 91 479 325 259 35 218 420 358 492 433 142 382 148 373 499 201 136 64 296 499 415 332 370 23 388 372 364 423 370 50 463 30 345 240 390 422 113 16 379 469 373 38 357 161 25 227 110 292 258 126 56 477 201 347 36 366 214 200 192 345 50 169 150 153 69 492 62 33 28 258 363 333
34 206 255 341 315 380 265 340 320 196 217 118 417 379 12 349 136 442 50 78 220 310 490 341 316 118 203 320 319 329 366 12 333 15 130 458 443 358 270 415 176 144 412 211 164 161 25 453 236 67 476 423 51 436 14 361 3 279 420 496 30 460 18 316 495 177 103 127 67 300 470 137 350 472 95 113 302 153 403 320 296 262 332 496 384 202 378 290 499 189 432 308 62 353 81 56 256 37 195 362
293 82 122 279 432 195 304 73 438 36 114 210 482 37 279 379 371 168 155 375 393 324 47 346 441 233 354 443 235 166 259 260 122 110 424 430 472 279 249 339 83 427 130 55 38 489 108 201 439 68 152 386 355 462 79 486 46 155 345 64 187 325 194 42 356 217 352 429 124 183 87 133 213 305 365 137 72 222 252 102 51 263 422 153 462 100 88 55 377 224 197 155 230 481 465 475 360 378 48 147
302 127 115 384 43 410 274 371 119 52 238 106 253 53 143 135 182 324 359 398 98 253 158 340 453 251 257 471 479 246 23 161 39 400 233 179 185 405 133 15 174 40 261 439 198 119 390 127 110 357 396 444 383 239 281 172 470 84 125 6 347 456 305 228 167 251 487 475 409 30 327 345 68 182 127 399 71 156 100 418 396 39 30 435 483 140 440 67 306 469 71 115 131 262 33 124 7 278 363 79
338 12 407 190 455 495 230 90 351 160 5 88 189 150 396 330 405 126 130 126 468 45 156 62 76 142 34 158 228 205 387 212 419 34 364 229 426 372 279 310 117 88 22 222 69 184 398 293 419 33 16 310 72 464 248 314 379 432 479 142 117 69 119 466 324 9 338 359 401 468 391 467 406 319 202 301 274 133 268 143 435 289 27 469 68 53 200 404 166 197 428 428 280 342 67 457 204 39 138 156
258 125 320 216 439 271 133 270 13 85 165 288 120 253 255 455 394 72 364 247 332 476 3 173 3 62 298 58 95 303 239 201 170 107 0 414 320 295 297 48 374 265 272 146 4 51 72 215 439 89 172 229 283 108 215 414 29 419 4 269 33 431 356 412 92 303 294 171 209 480 113 458 198 480 206 207 45 196 166 475 385 42 39 332 362 178 4 38 419 404 414 436 321 491 148 461 249 476 209 103
359 185 238 160 485 246 160 254 363 401 378 452 223 469 305 472 387 146 102 307 254 10 98 139 412 87 412 276 113 329 78 351 482 404 182 403 424 241 99 78 224 109 9 12 20 492 114 228 183 72 379 323 476 378 116 16 401 478 181 130 172 281 64 6 164 234 214 40 221 259 94 257 430 154 367 171 99 303 104 214 297 442 48 114 325 387 234 201 190 75 1 24 189 442 280 22 48 373 49 34
