20 20
284 460 346 261 489 112 305 241 299 386 329 479 65 168 177 396 20 53 103 180
149 477 201 475 427 184 152 181 316 206 80 212 482 337 273 158 437 313 162 134
150 485 247 30 345 396 486 370 78 452 41 289 282 64 378 146 270 492 87 321
23 118 40 10 198 449 461 215 143 454 384 413 373 117 315 458 217 207 477 239
257 484 133 69 152 56 111 430 380 212 139 482 455 167 343 178 487 303 456 63
404 156 278 426 467 466 311 11 251 123 389 211 292 246 286 401 304 378 435 15
499 430 6 59 54 196 495 29 436 340 292 234 69 160 199 478 129 118 204 281
474 326 284 8 87 221 418 219 322 32 341 192 122 432 193 368 423 42 325 93
93 351 50 389 5 267 343 450 108 266 19 491 69 299 334 486 459 63 207 201
36 136 62 154 101 47 15 395 188 332 183 46 84 95 88 208 409 30 217 18
183 296 374 295 5 183 142 423 310 192 346 312 471 269 142 95 497 229 42 10
498 482 334 438 488 347 351 386 240 472 21 472 228 491 136 204 283 355 382 290
281 37 399 144 410 292 16 43 289 384 247 64 333 360 362 76 365 87 99 136
95 147 248 324 321 334 106 479 467 376 192 289 417 146 104 356 407 58 377 308
428 95 159 198 242 335 51 1 173 189 172 221 132 280 38 313 459 177 145 38
352 451 408 301 460 141 109 225 129 13 237 356 481 79 259 451 367 271 468 140
156 283 131 274 277 429 19 231 244 280 388 5 234 297 239 245 94 168 98 133
90 108 396 2 223 205 21 145 274 349 3 388 490 167 195 368 411 13 88 357
316 184 281 405 265 110 453 318 353 384 341 88 238 350 113 403 332 426 299 129
132 145 210 46 139 31 363 311 251 390 80 328 464 17 41 55 155 291 262 302
375 43 389 260 343 205 5 435 143 330 156 120 64 379 274 365 276 318 74 435
