20 20
319 333 86 425 337 31 66 143 115 68 373 495 492 159 33 292 444 22 359 278
177 324 37 223 147 230 363 225 231 303 323 63 109 482 171 280 219 311 420 2
255 28 277 336 56 414 294 196 70 141 207 384 392 69 403 7 199 181 315 119
263 131 358 33 485 301 348 394 316 176 401 385 129 233 452 323 180 425 278 236
182 110 365 249 258 302 152 410 442 145 271 216 353 255 325 414 184 197 246 394
205 218 231 444 131 360 123 65 114 38 294 168 145 320 248 348 123 411 411 134
456 202 112 431 271 421 1 415 469 478 102 306 168 158 110 178 177 196 12 153
57 200 193 68 472 310 85 146 302 457 344 86 171 483 249 429 469 125 418 324
415 441 461 340 261 139 93 429 88 402 448 1 480 365 282 244 448 116 448 316
328 258 35 50 437 177 120 430 254 369 6 344 103 303 332 98 259 461 461 486
440 7 16 372 478 69 497 86 289 217 247 318 393 20 52 412 37 465 468 450
191 355 403 359 61 206 475 155 192 435 228 238 113 240 343 166 456 417 409 439
137 154 144 152 457 199 205 60 210 101 263 8 326 291 270 51 180 480 480 401
64 155 76 170 319 442 55 476 367 201 118 207 330 203 72 367 497 123 483 487
154 229 465 379 330 177 106 340 8 90 227 143 69 482 261 239 253 460 260 61
436 171 281 490 203 215 429 2 457 339 90 283 88 387 176 35 66 478 476 25
151 129 439 96 322 63 139 454 301 142 225 467 441 371 442 332 374 154 206 271
425 75 51 191 240 71 123 135 2 217 65 418 14 173 414 90 186 77 40 31
20 20 85 177 34 158 29 164 410 306 242 184 139 188 343 222 492 241 232 411
317 198 245 63 129 67 343 447 320 282 88 152 436 255 371 125 20 90 486 227
257 325 149 31 71 274 38 457 457 194 468 293 302 123 166 57 64 274 427 25
